#          omega_b,        omega_cdm,                h,     ln10^{10}A_s,              n_s,            b1_hN,            c2_hN,            b1_hS,            c2_hS,            b1_lN,            c2_lN,            b1_lS,            c2_lS,          Omega_m,              A_s,           sigma8
 1.376365e-07	 6.307973e-07	 1.353279e-06	-4.856043e-06	-1.936815e-06	-6.571195e-08	-1.024539e-05	 7.245999e-07	-3.525036e-06	 7.697264e-07	-1.339308e-06	 6.677736e-07	-2.590272e-06	 3.760709e-07	-9.100291e-15	-6.207294e-07	
 6.307973e-07	 1.211521e-04	 9.866684e-05	-1.153875e-03	-5.582005e-04	 4.326780e-04	 1.291750e-03	 3.116464e-04	 3.300649e-04	 2.891174e-04	 2.557381e-04	 2.416100e-04	 7.086780e-05	 1.653032e-04	-2.132553e-12	-1.338244e-04	
 1.353279e-06	 9.866684e-05	 1.985614e-04	-9.292081e-04	-3.514196e-04	 2.539865e-04	 8.477326e-04	 1.334837e-04	 3.165909e-04	 1.319386e-04	 2.270835e-04	 1.275411e-04	 1.744222e-04	 2.710573e-05	-1.724611e-12	-5.291166e-05	
-4.856043e-06	-1.153875e-03	-9.292081e-04	 2.398859e-02	 5.839838e-03	-1.860711e-02	-1.601935e-02	-1.765604e-02	-1.270815e-02	-1.624672e-02	-1.386174e-02	-1.488766e-02	-6.949600e-03	-1.585529e-03	 4.476598e-11	 6.386390e-03	
-1.936815e-06	-5.582005e-04	-3.514196e-04	 5.839838e-03	 3.449937e-03	-1.430819e-03	-4.932224e-04	-1.559718e-03	-4.688474e-04	-1.395572e-03	-4.314603e-04	-1.280053e-03	 3.473816e-04	-8.552191e-04	 1.079766e-11	 1.089688e-03	
-6.571195e-08	 4.326780e-04	 2.539865e-04	-1.860711e-02	-1.430819e-03	 2.286393e-02	 4.191570e-02	 1.848381e-02	 1.388379e-02	 1.709136e-02	 1.561405e-02	 1.557144e-02	 8.598754e-03	 6.802547e-04	-3.469465e-11	-5.859211e-03	
-1.024539e-05	 1.291750e-03	 8.477326e-04	-1.601935e-02	-4.932224e-04	 4.191570e-02	 3.064262e-01	 1.167467e-02	 1.610290e-02	 1.126981e-02	 1.565839e-02	 8.957520e-03	 7.673111e-03	 1.946288e-03	-2.916017e-11	-1.134591e-03	
 7.245999e-07	 3.116464e-04	 1.334837e-04	-1.765604e-02	-1.559718e-03	 1.848381e-02	 1.167467e-02	 2.010441e-02	 2.720248e-02	 1.659825e-02	 1.474290e-02	 1.536624e-02	 8.031027e-03	 5.358698e-04	-3.295344e-11	-6.023542e-03	
-3.525036e-06	 3.300649e-04	 3.165909e-04	-1.270815e-02	-4.688474e-04	 1.388379e-02	 1.610290e-02	 2.720248e-02	 1.942350e-01	 1.205683e-02	 1.484504e-02	 1.135032e-02	 1.017262e-02	 3.983112e-04	-2.397419e-11	-3.690242e-03	
 7.697264e-07	 2.891174e-04	 1.319386e-04	-1.624672e-02	-1.395572e-03	 1.709136e-02	 1.126981e-02	 1.659825e-02	 1.205683e-02	 1.722583e-02	 2.611109e-02	 1.408036e-02	 7.791423e-03	 4.902381e-04	-3.034498e-11	-5.522395e-03	
-1.339308e-06	 2.557381e-04	 2.270835e-04	-1.386174e-02	-4.314603e-04	 1.561405e-02	 1.565839e-02	 1.474290e-02	 1.484504e-02	 2.611109e-02	 1.556701e-01	 1.287095e-02	 1.218270e-02	 3.331935e-04	-2.613861e-11	-4.399870e-03	
 6.677736e-07	 2.416100e-04	 1.275411e-04	-1.488766e-02	-1.280053e-03	 1.557144e-02	 8.957520e-03	 1.536624e-02	 1.135032e-02	 1.408036e-02	 1.287095e-02	 1.656791e-02	 2.474355e-02	 3.927314e-04	-2.775933e-11	-5.149723e-03	
-2.590272e-06	 7.086780e-05	 1.744222e-04	-6.949600e-03	 3.473816e-04	 8.598754e-03	 7.673111e-03	 8.031027e-03	 1.017262e-02	 7.791423e-03	 1.218270e-02	 2.474355e-02	 2.132477e-01	-1.960414e-05	-1.326290e-11	-2.259219e-03	
 3.760709e-07	 1.653032e-04	 2.710573e-05	-1.585529e-03	-8.552191e-04	 6.802547e-04	 1.946288e-03	 5.358698e-04	 3.983112e-04	 4.902381e-04	 3.331935e-04	 3.927314e-04	-1.960414e-05	 3.244911e-04	-2.931206e-12	-2.338773e-04	
-9.100291e-15	-2.132553e-12	-1.724611e-12	 4.476598e-11	 1.079766e-11	-3.469465e-11	-2.916017e-11	-3.295344e-11	-2.397419e-11	-3.034498e-11	-2.613861e-11	-2.775933e-11	-1.326290e-11	-2.931206e-12	 8.444954e-20	 1.196494e-11	
-6.207294e-07	-1.338244e-04	-5.291166e-05	 6.386390e-03	 1.089688e-03	-5.859211e-03	-1.134591e-03	-6.023542e-03	-3.690242e-03	-5.522395e-03	-4.399870e-03	-5.149723e-03	-2.259219e-03	-2.338773e-04	 1.196494e-11	 2.265934e-03	
