bbn_prior.mean = 0.02268
bbn_prior.sigma = 0.00038
