free_cosmo_name: ['omega_cdm', 'h', 'ln10^{10}A_s']
fiducial_cosmo: {'omega_b': 0.02235, 'omega_cdm': 0.120, 'h': 0.675, 'ln10^{10}A_s': 3.044, 'n_s': 0.965} # used for unvaried (fixed) cosmological parameters, otherwise as initial positions 
fiducial_nuisance: {'b1_1': 1.9701664812653406,
 'b1_2': 2.135829887019531,
 'b1_3': 1.9622966045555068,
 'b1_4': 1.9752486809876055,
 'b2_1': 0.1379688791783103,
 'b2_2': 0.9258758380279202,
 'b2_3': 0.7136520999857588,
 'b2_4': 0.7143320908459568,
 'b4_1': 0.01047586549630508,
 'b4_2': 0.8386681130860314,
 'b4_3': 0.7900695123850366,
 'b4_4': 0.8039553018458427,
 'b3_1': -0.3567617705337812,
 'b3_2': 0.0466419567234274,
 'b3_3': -0.3347159099813726,
 'b3_4': 0.15055050878507065,
 'cct_1': 0.17094354271110732,
 'cct_2': 0.69197305133875,
 'cct_3': 0.3302471530588735,
 'cct_4': -0.07617569267887175,
 'cr1_1': 0.6933697390679621,
 'cr1_2': -0.24951612126421804,
 'cr1_3': -0.5452004117016925,
 'cr1_4': -0.9945626798710683,
 'cr2_1': 0.2655926724405012,
 'cr2_2': -0.9687508861714974,
 'cr2_3': 0.4439279545507111,
 'cr2_4': -0.6659291770832154,
 'ce0_1': 2.103604377689312,
 'ce0_2': 0.5075555345355239,
 'ce0_3': 0.41213148466564564,
 'ce0_4': 0.4075955591152902,
 'ce1_1': 0.6388566920394896,
 'ce1_2': -0.14189994240445414,
 'ce1_3': 0.02321089878822226,
 'ce1_4': 0.27666018435245787,
 'ce2_1': -1.8064343423354317,
 'ce2_2': -1.2380911316458374,
 'ce2_3': -2.15022580421852,
 'ce2_4': -0.9055382888524904,
 'cr4_1': -0.10203478691967995,
 'cr4_2': -0.1466278642356198,
 'cr4_3': -0.23109097701722733,
 'cr4_4': -0.1425531510976737,
 'cr6_1': 0.028392180991650473,
 'cr6_2': -0.055065202819490296,
 'cr6_3': 0.004213466186051136,
 'cr6_4': -0.009718910524004865}
jax_jit: True
taylor: False
vectorize: False
measure: False # 

boltzmann: 'Symbolic'
minimizers: ['minuit', 'adam']
samplers: ['fisher']


