#          omega_b,        omega_cdm,                h,     ln10^{10}A_s,              n_s,            b1_hN,            c2_hN,            b1_hS,            c2_hS,            b1_lN,            c2_lN,            b1_lS,            c2_lS,            b1_eN,            c2_eN,            b1_eS,            c2_eS,          Omega_m,              A_s,           sigma8
 1.498798e-07	 5.858150e-07	 1.390193e-06	-3.778061e-06	-1.600141e-06	-3.314143e-07	-1.635542e-06	-6.398027e-07	-3.759459e-06	-1.488961e-07	 1.572755e-07	-1.859235e-07	 2.356058e-07	-6.425261e-08	 4.392515e-06	 1.493923e-07	 1.364596e-05	 3.658616e-07	-8.574556e-15	 4.227171e-08	
 5.858150e-07	 6.842378e-05	 5.388853e-05	-7.244545e-04	-3.469068e-04	 2.207873e-04	 4.528240e-04	 1.482299e-04	 1.350677e-04	 1.553170e-04	 2.075348e-04	 1.316885e-04	 6.524351e-05	 1.492239e-04	 5.647410e-05	 1.295990e-04	 4.901006e-05	 1.006782e-04	-1.604734e-12	-8.312124e-05	
 1.390193e-06	 5.388853e-05	 1.333356e-04	-6.494554e-04	-2.042925e-04	 2.276946e-04	 6.667379e-04	 1.210055e-04	 1.479607e-04	 1.298563e-04	 2.650109e-04	 1.142847e-04	 1.222847e-04	 1.809698e-04	 4.528299e-04	 1.901501e-04	 6.816038e-04	 1.548062e-06	-1.437976e-12	-5.714064e-05	
-3.778061e-06	-7.244545e-04	-6.494554e-04	 1.806793e-02	 3.976246e-03	-1.335230e-02	-7.459922e-03	-1.255273e-02	-9.829578e-03	-1.176127e-02	-1.068508e-02	-1.096566e-02	-7.070412e-03	-1.541715e-02	-5.725767e-03	-1.519445e-02	 3.397506e-03	-9.960247e-04	 4.024977e-11	 5.097824e-03	
-1.600141e-06	-3.469068e-04	-2.042925e-04	 3.976246e-03	 2.417099e-03	-5.182061e-04	 2.243777e-03	-6.874283e-04	 1.551175e-04	-6.379850e-04	-9.547808e-05	-6.242270e-04	 3.291558e-04	-4.080461e-04	 4.679839e-03	 1.662569e-04	 8.796869e-03	-5.688528e-04	 8.854373e-12	 7.513773e-04	
-3.314143e-07	 2.207873e-04	 2.276946e-04	-1.335230e-02	-5.182061e-04	 1.642240e-02	 2.655424e-02	 1.286916e-02	 1.097628e-02	 1.207390e-02	 1.155568e-02	 1.123591e-02	 8.433682e-03	 1.650321e-02	 1.386368e-02	 1.707157e-02	 9.273563e-03	 2.751402e-04	-2.960561e-11	-4.469675e-03	
-1.635542e-06	 4.528240e-04	 6.667379e-04	-7.459922e-03	 2.243777e-03	 2.655424e-02	 1.665640e-01	 6.451173e-03	 1.010722e-02	 6.805229e-03	 1.197974e-02	 5.686921e-03	 8.899236e-03	 1.014372e-02	 4.381661e-02	 1.313733e-02	 6.351178e-02	 3.806877e-04	-1.623168e-11	-9.074777e-05	
-6.398027e-07	 1.482299e-04	 1.210055e-04	-1.255273e-02	-6.874283e-04	 1.286916e-02	 6.451173e-03	 1.451471e-02	 2.345451e-02	 1.150508e-02	 1.013406e-02	 1.079011e-02	 7.412249e-03	 1.568903e-02	 8.944711e-03	 1.583757e-02	 9.353665e-04	 2.127293e-04	-2.785985e-11	-4.551711e-03	
-3.759459e-06	 1.350677e-04	 1.479607e-04	-9.829578e-03	 1.551175e-04	 1.097628e-02	 1.010722e-02	 2.345451e-02	 1.634147e-01	 9.188489e-03	 7.126136e-03	 8.615485e-03	 5.304079e-03	 1.296018e-02	 1.513485e-02	 1.353459e-02	 1.047638e-02	 1.543186e-04	-2.176731e-11	-3.220294e-03	
-1.488961e-07	 1.553170e-04	 1.298563e-04	-1.176127e-02	-6.379850e-04	 1.207390e-02	 6.805229e-03	 1.150508e-02	 9.188489e-03	 1.279480e-02	 2.221966e-02	 1.000490e-02	 6.938762e-03	 1.455415e-02	 8.313444e-03	 1.490658e-02	 2.293697e-03	 2.212013e-04	-2.612286e-11	-4.187271e-03	
 1.572755e-07	 2.075348e-04	 2.650109e-04	-1.068508e-02	-9.547808e-05	 1.155568e-02	 1.197974e-02	 1.013406e-02	 7.126136e-03	 2.221966e-02	 1.329649e-01	 9.008413e-03	 7.336742e-03	 1.327279e-02	 1.187485e-02	 1.467013e-02	 1.266803e-02	 2.176586e-04	-2.376362e-11	-3.299292e-03	
-1.859235e-07	 1.316885e-04	 1.142847e-04	-1.096566e-02	-6.242270e-04	 1.123591e-02	 5.686921e-03	 1.079011e-02	 8.615485e-03	 1.000490e-02	 9.008413e-03	 1.286572e-02	 2.322438e-02	 1.365534e-02	 6.961360e-03	 1.376840e-02	 7.291431e-04	 1.834871e-04	-2.430871e-11	-3.971788e-03	
 2.356058e-07	 6.524351e-05	 1.222847e-04	-7.070412e-03	 3.291558e-04	 8.433682e-03	 8.899236e-03	 7.412249e-03	 5.304079e-03	 6.938762e-03	 7.336742e-03	 2.322438e-02	 1.772506e-01	 9.694722e-03	 3.592714e-03	 9.454472e-03	 2.809276e-03	 3.352206e-05	-1.548226e-11	-2.400168e-03	
-6.425261e-08	 1.492239e-04	 1.809698e-04	-1.541715e-02	-4.080461e-04	 1.650321e-02	 1.014372e-02	 1.568903e-02	 1.296018e-02	 1.455415e-02	 1.327279e-02	 1.365534e-02	 9.694722e-03	 2.272735e-02	 4.401710e-02	 2.046374e-02	 6.644722e-03	 1.637570e-04	-3.424454e-11	-5.599689e-03	
 4.392515e-06	 5.647410e-05	 4.528299e-04	-5.725767e-03	 4.679839e-03	 1.386368e-02	 4.381661e-02	 8.944711e-03	 1.513485e-02	 8.313444e-03	 1.187485e-02	 6.961360e-03	 3.592714e-03	 4.401710e-02	 7.501481e-01	 1.694074e-02	 9.091351e-02	-2.685828e-04	-1.321005e-11	-5.057574e-04	
 1.493923e-07	 1.295990e-04	 1.901501e-04	-1.519445e-02	 1.662569e-04	 1.707157e-02	 1.313733e-02	 1.583757e-02	 1.353459e-02	 1.490658e-02	 1.467013e-02	 1.376840e-02	 9.454472e-03	 2.046374e-02	 1.694074e-02	 3.261860e-02	 1.207363e-01	 1.150578e-04	-3.376816e-11	-5.405926e-03	
 1.364596e-05	 4.901006e-05	 6.816038e-04	 3.397506e-03	 8.796869e-03	 9.273563e-03	 6.351178e-02	 9.353665e-04	 1.047638e-02	 2.293697e-03	 1.266803e-02	 7.291431e-04	 2.809276e-03	 6.644722e-03	 9.091351e-02	 1.207363e-01	 2.017060e+00	-4.587980e-04	 7.057352e-12	 4.444040e-03	
 3.658616e-07	 1.006782e-04	 1.548062e-06	-9.960247e-04	-5.688528e-04	 2.751402e-04	 3.806877e-04	 2.127293e-04	 1.543186e-04	 2.212013e-04	 2.176586e-04	 1.834871e-04	 3.352206e-05	 1.637570e-04	-2.685828e-04	 1.150578e-04	-4.587980e-04	 2.155598e-04	-2.212152e-12	-1.290075e-04	
-8.574556e-15	-1.604734e-12	-1.437976e-12	 4.024977e-11	 8.854373e-12	-2.960561e-11	-1.623168e-11	-2.785985e-11	-2.176731e-11	-2.612286e-11	-2.376362e-11	-2.430871e-11	-1.548226e-11	-3.424454e-11	-1.321005e-11	-3.376816e-11	 7.057352e-12	-2.212152e-12	 9.049475e-20	 1.140299e-11	
 4.227171e-08	-8.312124e-05	-5.714064e-05	 5.097824e-03	 7.513773e-04	-4.469675e-03	-9.074777e-05	-4.551711e-03	-3.220294e-03	-4.187271e-03	-3.299292e-03	-3.971788e-03	-2.400168e-03	-5.599689e-03	-5.057574e-04	-5.405926e-03	 4.444040e-03	-1.290075e-04	 1.140299e-11	 1.898480e-03	
