4.768623585558843403e-06 1.316733701486668488e-06 6.612037242881872644e-07 4.134395998256683969e-07 2.947031009985912628e-07 2.253688984999483975e-07 1.765462821043897585e-07 1.458430981179186355e-07 1.221989711781811314e-07 1.061870911821562840e-07 8.641928795197888347e-08 6.791868194292026165e-08 5.895095607761717803e-08 4.501182919947658473e-08 3.109648836504897826e-08 2.372514429350992142e-08 2.171749333937112563e-08 1.466326876713520602e-08 7.859474149873680454e-09 6.711846949940746570e-09 6.993306067468752657e-09 2.613120707147826476e-09 2.886197823663726478e-09 1.980096191645388799e-09 1.984859019383155997e-09 -1.269114857373978777e-09 -1.213299941512746332e-09 -2.855781362639653375e-09 -3.287424029134558737e-09 -3.175639255483390801e-09 -6.909121613822348834e-10 -1.706551196830304986e-10 -3.438714080375704179e-09 -4.475445820946986846e-09 -4.603385686615197400e-09 -5.286974031808569980e-09 -5.821738780211063966e-09 -4.034939031384524308e-09 -3.115179583096367589e-09 -3.696895945667123183e-09 1.324615135455430710e-06 -2.885092661168303726e-07 -4.244673813953510573e-07 -3.530786292712365054e-07 -2.628430012735121501e-07 -1.964857245920853554e-07 -1.521455637105410996e-07 -1.074915142439814658e-07 -9.386112471670444353e-08 -7.847129355874685112e-08 -7.329063428894369071e-08 -8.167530722213150229e-08 -8.667557623600848425e-08 -7.668119978389229642e-08 -7.116188487252582156e-08 -5.721788673923748294e-08 -4.342590392317230881e-08 -3.047384148516957760e-08 -2.681561720282664534e-08 -1.653516289503203875e-08 -1.111303237726059524e-08 -1.856254031661287330e-08 -1.915944440332105315e-08 -1.934170478543520953e-08 -1.954651254268083353e-08 -2.610202047578790002e-08 -2.076315585065313148e-08 -2.273453118361763921e-08 -1.668939612485323736e-08 -9.914959643032657025e-09 -1.036499968441316977e-08 -9.933625261289506882e-09 -1.057129977871336599e-08 -1.233943619712716758e-08 -1.405567321826023733e-08 -1.507542302749330659e-08 -1.699995133052137581e-08 -1.618962448913674203e-08 -1.198570466010484655e-08 -7.422183040228583921e-09 6.598775651614862605e-07 1.261064880257976601e-07 7.040592658014664128e-08 1.146619845560805506e-07 9.828871437598199944e-08 8.644922627995734071e-08 5.866263845176167169e-08 2.914174714741992619e-08 2.189399853852149860e-08 2.345093696296094903e-08 1.290526099051580111e-08 2.203121060554160868e-08 2.871233726374119556e-08 3.376549718729623089e-08 3.925402088295646992e-08 2.004615048695382944e-08 8.196514907583833154e-09 6.209795080104866860e-09 7.114868509623784650e-09 -6.815822080582118744e-09 -6.439027549747473638e-09 -6.465484645462977334e-09 -1.190110625776489011e-08 -1.577289254869860304e-08 -4.749839766128012446e-09 -6.748725849063153478e-09 -3.519483506307587808e-09 -5.742607216768982800e-09 -9.334155295247204770e-09 -1.491561912201738271e-08 -2.236612886707643447e-08 -2.752799350576311256e-08 -2.871095684984952438e-08 -2.841780171273486383e-08 -2.850985495499323386e-08 -2.483310074237253079e-08 -2.805432672249863192e-08 -2.627595900338309592e-08 -2.070282074161178484e-08 -1.646246966038085903e-08
1.316733701486668488e-06 9.475542731023899516e-07 4.903716904447871707e-07 3.201560833191158065e-07 2.257512703558462118e-07 1.702701157572684410e-07 1.299146297434640449e-07 1.060846082059310149e-07 8.504047430186173521e-08 7.129588356358977384e-08 5.620575108337310612e-08 4.326488791208568410e-08 3.408367230767406798e-08 2.882275830715497015e-08 2.133250891758786868e-08 1.769410957817205824e-08 1.613429719913326645e-08 1.219550009380446514e-08 1.005609268697717676e-08 9.636980158251184508e-09 7.070312964322089954e-09 4.319449027373297922e-09 3.988303498709849551e-09 2.687774960784111679e-09 1.865349839871665085e-09 2.445208508390338640e-10 -1.348078038826356564e-09 -2.445374491762932143e-09 -3.014222438834571247e-09 -3.906189543816864205e-09 -3.641294598866940988e-09 -3.852899392911892658e-09 -4.581537665996819351e-09 -4.503914523391390761e-09 -4.097965024743269329e-09 -3.659519637071438017e-09 -3.591042330859967443e-09 -2.898835377844280869e-09 -2.290922988757454434e-09 -2.229336926562569332e-09 -3.718354304311882153e-08 -2.216811898139990947e-07 -2.459753851995654334e-07 -1.921731445556422869e-07 -1.401767238316807128e-07 -1.134847646453853500e-07 -7.911314214838822194e-08 -7.270819506521663764e-08 -7.175475498916207543e-08 -6.179860544223896515e-08 -5.360956715128331955e-08 -5.799128469846216143e-08 -5.076332368790940038e-08 -4.400722819620719313e-08 -3.786681565425672023e-08 -3.534284796995922752e-08 -2.849743624132901432e-08 -2.630146399824368123e-08 -2.493472701888551634e-08 -2.069211538790456604e-08 -1.648759383885977193e-08 -2.009724425812718567e-08 -1.761923610763616213e-08 -1.705011853522972506e-08 -1.680544542585367593e-08 -1.844980140614705309e-08 -1.696101771874289309e-08 -1.596486212218939628e-08 -1.587047025480726702e-08 -1.119937763527074093e-08 -1.050869328149168805e-08 -1.008721175855599405e-08 -1.131754446857495148e-08 -1.199083998912764714e-08 -1.153504233195196938e-08 -1.089513327972824545e-08 -9.711434560839201492e-09 -8.221909594830372707e-09 -5.234816832179544054e-09 -3.835705138347734896e-09 9.479764984525502198e-08 8.011044451899128775e-09 4.339219103140117933e-08 4.439384539143512117e-08 3.949532541522107465e-08 3.450754127383719843e-08 1.812307433655733494e-08 1.326994999241696366e-08 1.013147126120486983e-08 1.375784788522164511e-08 7.925799219194419875e-09 1.666421731572640179e-08 1.487911501324098515e-08 1.430552699146510143e-08 1.617636982770989951e-08 1.246519871683655323e-08 6.532758711619525684e-09 6.314313460836659266e-09 8.175200937383185291e-09 4.667621157556377626e-09 4.746468547839881112e-09 2.403257794203924307e-09 -3.329779603947686727e-09 -6.188848234867464037e-09 -7.687153521345370634e-10 -2.646781352294046308e-09 -3.121946538842179013e-09 -3.331766930425423267e-09 -5.043083455364660202e-09 -3.523874307738973058e-09 -5.642264505719981338e-09 -7.410055890533141524e-09 -8.917692120429437409e-09 -9.034141664133335020e-09 -7.514839880667634385e-09 -3.880108950320475237e-09 -3.504947062218844281e-09 -3.670649752938596617e-09 -2.606130835900467235e-09 -2.577350033015969921e-09
6.612037242881872644e-07 4.903716904447871707e-07 3.569858150383053000e-07 2.363350585545258720e-07 1.701190312820097163e-07 1.301375087079743165e-07 9.927333572242852694e-08 7.938744517504430277e-08 6.284339379847294397e-08 5.162249814836456112e-08 4.002240595954674176e-08 2.991727913576083481e-08 2.345574194321577368e-08 2.009415260295510288e-08 1.670879645590776999e-08 1.426035674268773699e-08 1.290342180098034825e-08 1.027035164194526997e-08 8.583309467978831864e-09 7.701102459513334086e-09 5.654251376960786990e-09 3.694189500973311048e-09 3.622626801992598835e-09 2.548026968041281272e-09 1.633431593426309549e-09 4.199852691596094021e-10 1.214501470786944921e-10 -8.515441187139429984e-10 -1.162599105197741394e-09 -1.744077508010481643e-09 -1.689905359182852280e-09 -1.957411644676069820e-09 -2.753559038303916628e-09 -2.928292335267486829e-09 -2.526463845892967575e-09 -2.014988575091582799e-09 -1.700119243519383270e-09 -1.326894907128396294e-09 -1.126178855807228913e-09 -1.132490069844241670e-09 -7.052885382350188749e-08 -1.137789757369943855e-07 -1.535599618782346209e-07 -1.112097363649250306e-07 -8.383096956112042832e-08 -7.087977175896039357e-08 -5.703264179504033112e-08 -5.054180249330564893e-08 -4.918427570218577755e-08 -4.449242643445815649e-08 -4.278872521506481709e-08 -4.367006640554086067e-08 -3.776374004151019594e-08 -3.185106707920882028e-08 -2.707319194281081557e-08 -2.449891773294871984e-08 -2.100018171177914072e-08 -2.039106573776193963e-08 -1.908283347033575582e-08 -1.579443217034450746e-08 -1.273203667468917281e-08 -1.369001270549854539e-08 -1.184122619207754956e-08 -1.188445356919758044e-08 -1.103123846011177383e-08 -1.109481304248845910e-08 -8.506242777689372041e-09 -7.511569564500465183e-09 -6.691364380028978630e-09 -4.884122643518789576e-09 -4.717357563874324380e-09 -5.172083098593907054e-09 -6.920719566169030463e-09 -7.632392257283717626e-09 -7.936482322876765708e-09 -7.270600913311305961e-09 -6.162867694778930613e-09 -4.823957522578681868e-09 -3.337667439642784001e-09 -2.324042379989435688e-09 8.255764108027488591e-08 5.333541695082140246e-09 1.663028971654579143e-08 2.319854687708139707e-08 1.733257815089745535e-08 1.706527991627000985e-08 8.392473030810426613e-09 8.808632954186535739e-09 9.139117086439703219e-09 1.048031278488934150e-08 1.030236796358490883e-08 1.655424319845532819e-08 1.495683391502773216e-08 1.431059269210930156e-08 1.607174701970622682e-08 1.357534144199841189e-08 9.027257663484333336e-09 8.100324385879734700e-09 7.789836187082595027e-09 4.486097495671898293e-09 4.777602537833782583e-09 4.151466355500347420e-09 1.150189747026940058e-09 -8.100449930523897508e-10 2.751539407287372282e-09 1.108230341126222609e-09 -1.265195391311442566e-10 1.222182985777123129e-09 3.784752201627136915e-10 1.552560730879027681e-10 -9.626642862144554332e-10 -1.625986040924069959e-09 -2.586975341145702655e-09 -3.888368399351832637e-09 -2.970476541337040842e-09 -1.550847490861732631e-09 -2.208256128083944792e-09 -3.268451401552088460e-09 -2.565290590049224155e-09 -3.705304291245910086e-09
4.134395998256683969e-07 3.201560833191158065e-07 2.363350585545258720e-07 1.972971759180250774e-07 1.442540081761916063e-07 1.107069561228430832e-07 8.461485254694304367e-08 6.726812773437630929e-08 5.341808590621262424e-08 4.375075776937664019e-08 3.466160637584507200e-08 2.680648802601706233e-08 2.165396112964190050e-08 1.863194060259920855e-08 1.562963065858354458e-08 1.361119119751306328e-08 1.222186857072730366e-08 1.064421092985786039e-08 9.241725117018610154e-09 8.321726115892990408e-09 6.305820989579792777e-09 4.881776021493891209e-09 4.501447662622802283e-09 3.673539660208319490e-09 2.815782864531761400e-09 1.545694656481099995e-09 1.138383875831635132e-09 7.438075874010400162e-12 -3.171210960805591186e-10 -9.103108163772839930e-10 -1.301895014290564045e-09 -1.871225504627658806e-09 -2.576248659835146107e-09 -2.852236386349455825e-09 -2.495680911060565827e-09 -2.099090180098357164e-09 -1.665791142738733388e-09 -1.465529461705664908e-09 -1.320188209909862807e-09 -1.409076039215077560e-09 -6.548343380771338719e-08 -7.171628988626220079e-08 -9.207716696688350806e-08 -7.053663291874805721e-08 -5.130710025206446130e-08 -4.509427007977847977e-08 -3.992422754307563430e-08 -3.666500867508670851e-08 -3.758472783553799983e-08 -3.538965486273647832e-08 -3.409773539951589787e-08 -3.431658096196830433e-08 -2.922514967984082270e-08 -2.550096192701992811e-08 -2.183503792257083117e-08 -1.957011454858129773e-08 -1.771846727859281586e-08 -1.717635433388460000e-08 -1.675244337787281186e-08 -1.436952438884116436e-08 -1.225468921808781592e-08 -1.343089310644973102e-08 -1.169424542767162423e-08 -1.146933105099178341e-08 -1.032279800932857831e-08 -9.484250282535611125e-09 -7.750934315482781197e-09 -6.806112773574804860e-09 -6.486650426595871555e-09 -6.199844351124741578e-09 -6.465693223370004235e-09 -6.888361805832246741e-09 -7.717881045715724881e-09 -8.089858632742799304e-09 -7.746973759394260990e-09 -7.019966724549785338e-09 -5.827008420722445190e-09 -4.657303020699318597e-09 -3.417799852329284232e-09 -2.448300004321208387e-09 6.434040826488351141e-08 -6.448352693164473896e-09 1.307295952678187418e-08 1.779320114274097695e-08 9.026375146641557908e-09 8.888648259023836314e-09 2.881820230692683808e-09 3.998960117971451351e-09 4.574106537615194794e-09 5.621004137968276667e-09 6.158166887679360555e-09 1.025426106519540219e-08 8.987080293890929180e-09 9.331857074593917981e-09 1.090249778836921737e-08 9.471114695536314450e-09 6.541802927276920922e-09 4.634104156327757598e-09 4.464678346146176098e-09 2.916028083512246557e-09 2.906361993233993977e-09 3.910162502242296844e-09 2.357932777433381314e-09 1.587362532389108630e-09 4.083712128469888676e-09 2.866934224973294315e-09 2.368624803991457388e-09 2.935265570333339572e-09 2.653223385521640514e-09 2.508196181778138490e-09 1.905250122520385752e-09 9.492199381686896397e-10 3.924533003566527678e-10 -3.200692427065121524e-10 2.179659680753821810e-10 9.985428467125448036e-10 3.465713884522968514e-10 -6.004787600505092366e-10 -2.088515357434526369e-10 -1.025081101355526801e-09
2.947031009985912628e-07 2.257512703558462118e-07 1.701190312820097163e-07 1.442540081761916063e-07 1.273783319622200582e-07 9.943374289718394762e-08 7.621141815791171795e-08 6.114603929401635216e-08 4.924914629164317803e-08 4.025545632404401324e-08 3.235634195867200372e-08 2.545343991053254628e-08 2.072162659796429060e-08 1.771750480429144068e-08 1.467250271580630190e-08 1.269013224574452280e-08 1.096630893199032801e-08 9.504742035909472330e-09 8.068052032986161112e-09 6.986663536647274432e-09 5.484893376246471340e-09 4.362051235364743293e-09 3.784528061608537489e-09 3.147549511730674884e-09 2.326033299493916320e-09 1.320016840971083924e-09 1.015520338782300895e-09 -2.696048323721567413e-11 -6.236141422921004340e-10 -1.095264522874999264e-09 -1.496374267198834612e-09 -2.043651679647133134e-09 -2.498520071093621147e-09 -2.561429967759974620e-09 -2.199629568522180759e-09 -1.802594443482385097e-09 -1.460372482246410866e-09 -1.342114560377239106e-09 -1.240836655721876505e-09 -1.402205674873297775e-09 -4.437474754489610379e-08 -4.137806840596302954e-08 -5.960476877871415711e-08 -4.665134288594810433e-08 -3.573525049391032692e-08 -3.136861514093005070e-08 -2.953971206200408493e-08 -2.783472540614464426e-08 -2.922350044077572972e-08 -2.701872935832849201e-08 -2.551523639953431693e-08 -2.591846823202634343e-08 -2.304276496891860689e-08 -2.057414739946524441e-08 -1.864116140404242152e-08 -1.731797100578282692e-08 -1.602896740707507132e-08 -1.527753700029579072e-08 -1.438776057595159078e-08 -1.244104573420716588e-08 -1.131967303501764380e-08 -1.230241424244574868e-08 -1.087495268124437237e-08 -1.095704768116475046e-08 -9.657843975285498744e-09 -8.746167398411594641e-09 -7.644261493358564681e-09 -7.053321996076072326e-09 -6.573908575233076396e-09 -6.015483704937713151e-09 -6.156239044931085119e-09 -6.158677407581026432e-09 -6.856193709593217248e-09 -6.639668622482482487e-09 -6.267548579419238782e-09 -5.873417158929203462e-09 -4.937173541048872330e-09 -4.079396793867562122e-09 -3.154037919637286510e-09 -2.524997123295543663e-09 3.907330176660775311e-08 2.327004930520018485e-10 9.882717356326159817e-09 1.576531557199814350e-08 7.560570094940335659e-09 6.461434073617538570e-09 2.731547336287018546e-09 1.338776523035977645e-09 1.951027947965640481e-09 3.389865828004495670e-09 3.133731061705106956e-09 6.408119644073941076e-09 5.345821546936193870e-09 6.445165244768878085e-09 7.652742810289347458e-09 5.640338829299900328e-09 3.638656596816232360e-09 1.663819305306584625e-09 1.975734477738065787e-09 6.133658421977609849e-10 9.562865586000549151e-10 2.334752636897547651e-09 1.290311750914758570e-09 9.212951941747308072e-10 3.489483115972568514e-09 2.790758696413832887e-09 1.697125113422760096e-09 2.180661622246182044e-09 1.891685916573627787e-09 1.782666404152405210e-09 1.217789128337011531e-09 4.164331203366592214e-10 5.345610203692626094e-11 -7.200288568854251453e-10 -3.388684264735355662e-10 6.410518678418115740e-10 1.777921119518729438e-10 -5.832235681000923388e-10 -2.784021634473846451e-10 -8.035428908979267330e-10
2.253688984999483975e-07 1.702701157572684410e-07 1.301375087079743165e-07 1.107069561228430832e-07 9.943374289718394762e-08 9.202142371187217757e-08 7.242824163197499351e-08 5.845090398010028531e-08 4.735561752330319937e-08 3.904047017010594265e-08 3.176595736918519054e-08 2.516384036781636935e-08 2.051364293236913040e-08 1.744058320787400830e-08 1.456987914877336672e-08 1.239158879844830413e-08 1.064369512329559937e-08 8.909113758862864325e-09 7.456959993752518932e-09 6.315880593361234618e-09 4.831841774670121490e-09 3.869796727904794654e-09 3.468381030952172781e-09 2.758858338036441322e-09 2.170883598235170214e-09 1.419836152423810362e-09 1.042749277814732793e-09 1.673693794377019714e-10 -3.927477861235023717e-10 -8.423056698202390790e-10 -1.185078966211383101e-09 -1.645429191093859386e-09 -2.030141291506587828e-09 -2.132540279754506614e-09 -1.863301533777387640e-09 -1.511620767557256361e-09 -1.341631825658390284e-09 -1.275455211617462581e-09 -1.173300448087692231e-09 -1.266877777244215641e-09 -2.095817554265138072e-08 -2.689102496507918781e-08 -3.759275885153362388e-08 -3.130099471574873814e-08 -2.258043317491356101e-08 -2.070473615453338341e-08 -2.162743071281121022e-08 -2.253024433779698316e-08 -2.408810494286131210e-08 -2.191037654209185134e-08 -2.018123197121275979e-08 -2.104222712157221064e-08 -1.873785619481517493e-08 -1.640778212375484919e-08 -1.559336481532832500e-08 -1.517962946861869022e-08 -1.414726112134064412e-08 -1.384212682345287971e-08 -1.316259331526790407e-08 -1.179174826500799508e-08 -1.110019981169225847e-08 -1.152513527262656438e-08 -1.029882130204436635e-08 -9.780009960824534718e-09 -8.591682040804577736e-09 -7.938141109181764346e-09 -6.946255708533907643e-09 -6.751419917180855038e-09 -6.129372900977790758e-09 -5.817946799779622508e-09 -5.856940876348862447e-09 -5.825115162090436151e-09 -6.370921764533294837e-09 -6.304076687403348070e-09 -6.177653633185153973e-09 -5.691038045374800605e-09 -4.807789429787868854e-09 -4.033818119440082616e-09 -3.137378108991345715e-09 -2.550959527623603389e-09 1.592398444529270706e-08 4.592100433627976061e-09 8.021459717895263873e-09 1.424571529530412632e-08 7.641807824351449279e-09 3.797076169142334454e-09 2.383853116427276276e-09 8.670794662975563129e-10 2.936550996310869455e-10 1.026098448522113752e-09 1.089233823241732017e-09 3.727041023573056679e-09 2.606859293894433091e-09 4.121350627215476540e-09 5.369573751538650294e-09 4.029467554430417606e-09 3.299880794233788294e-09 1.871030197527285381e-09 1.673413575120521059e-09 4.727037043569311735e-10 9.701685250934247936e-10 1.837632274548082170e-09 7.974113035302626568e-10 6.289047707215663162e-10 2.575509710434470498e-09 2.004539687006205735e-09 1.227979333430978965e-09 1.614124885870815787e-09 1.331819902464096420e-09 1.144212753953756206e-09 8.116591950798597377e-10 2.111369040581334814e-10 -6.851556808867526123e-11 -7.513957986554344741e-10 -2.360745379357656138e-10 2.820915625892697831e-10 -1.226290668343592328e-10 -5.957815699839735289e-10 -2.927101249157161933e-10 -5.128356994527316546e-10
1.765462821043897585e-07 1.299146297434640449e-07 9.927333572242852694e-08 8.461485254694304367e-08 7.621141815791171795e-08 7.242824163197499351e-08 6.768222416678808182e-08 5.617066038711061838e-08 4.586901477419159769e-08 3.804362266191354426e-08 3.112402452485539850e-08 2.539076116918339835e-08 2.084596002452436397e-08 1.786562663167754931e-08 1.480681039440623639e-08 1.241272490542358012e-08 1.064350064822015021e-08 8.845844637398998103e-09 7.285304261639046402e-09 5.948760526191482744e-09 4.305287834428575052e-09 3.209426200455988461e-09 2.602389953348987256e-09 1.902852278780601074e-09 1.388634429282753218e-09 9.425556572708976896e-10 6.971557011137230843e-10 -2.397045157898278298e-11 -5.573254493536669962e-10 -9.437840630413612502e-10 -1.231132626295051831e-09 -1.529374787745640939e-09 -1.776355730047788766e-09 -1.849846110712521611e-09 -1.719051658542200386e-09 -1.402595440774404059e-09 -1.344457308906472130e-09 -1.258768138101095207e-09 -1.155975415353920929e-09 -1.205321103985860016e-09 -8.791051873810997697e-09 -1.371015647325084042e-08 -2.575515035199556541e-08 -2.216941754020487935e-08 -1.503523489887718411e-08 -1.370720195159890433e-08 -1.614272914781141895e-08 -1.699242188971796437e-08 -1.911980192535404186e-08 -1.704933655714793890e-08 -1.579308803081548161e-08 -1.708167407647194336e-08 -1.543648405391904244e-08 -1.371043264651808723e-08 -1.296600362987267119e-08 -1.299399289560782957e-08 -1.222270982927832559e-08 -1.184026756564164349e-08 -1.121445130746055234e-08 -1.002499189026172789e-08 -9.347877706236421807e-09 -9.833795337447113029e-09 -8.824391205293574523e-09 -8.301142973756049249e-09 -7.357567304331043061e-09 -6.854467159855383572e-09 -5.827284494118119203e-09 -5.649559394214584123e-09 -5.216424831135923577e-09 -4.713965094433223057e-09 -4.673438352235497621e-09 -4.573535210001767551e-09 -4.841952177140829126e-09 -4.776472027610305293e-09 -4.819832401889844482e-09 -4.541521371700305681e-09 -3.860575279571661462e-09 -3.221820674874661617e-09 -2.505730799842531319e-09 -2.105605675291459154e-09 2.385246003142136728e-08 1.450537404090061784e-09 3.169068621658967951e-09 8.487583159395147112e-09 4.109260302768844853e-09 1.723223057064869283e-09 2.245881806611063004e-10 -1.111850323963220239e-09 -9.938041830335755325e-10 2.467204959935854511e-10 3.127007736099924685e-10 2.360432268239570093e-09 2.040833987904127466e-09 3.442632414654915382e-09 4.025782598278768802e-09 3.024795072608149583e-09 3.254191957591374912e-09 1.580998709703015341e-09 8.462014718190882130e-10 -9.560838808673003582e-11 4.268009045190212161e-10 7.129688657840671111e-10 2.121857879034131099e-10 2.518092293672471199e-10 2.044868803031982374e-09 1.112538972814587219e-09 7.510223863659068361e-10 1.022759926838229691e-09 8.390755659649416027e-10 6.784827899724127389e-10 5.517580928163078663e-10 1.328768743348648158e-10 -2.548823490142120310e-10 -1.232191499131678034e-09 -7.650848747761377448e-10 -3.830346874690370424e-10 -5.885985138310797639e-10 -9.244693524119884728e-10 -6.804342756183001521e-10 -8.721314383218489263e-10
1.458430981179186355e-07 1.060846082059310149e-07 7.938744517504430277e-08 6.726812773437630929e-08 6.114603929401635216e-08 5.845090398010028531e-08 5.617066038711061838e-08 5.448522875714762513e-08 4.548319588357284712e-08 3.818264997260964724e-08 3.168481649679822033e-08 2.623867166536011164e-08 2.149164223872661757e-08 1.822891302495745128e-08 1.507264164177090729e-08 1.242983407198287105e-08 1.059377047183103432e-08 8.865361143158378022e-09 7.244233698647040493e-09 5.896317251926739099e-09 4.241479303958736178e-09 3.165236221848387435e-09 2.527616317755143642e-09 1.839737579208994965e-09 1.440997175315298312e-09 1.145539723279871993e-09 8.207146161229769201e-10 2.965559639066136656e-10 -1.369793007514832837e-10 -5.248654640593373728e-10 -8.312208794333548532e-10 -1.193994582783731865e-09 -1.534763285309227033e-09 -1.574761570269403846e-09 -1.474826851303709429e-09 -1.278646897217046750e-09 -1.302239418096136436e-09 -1.231637339631315508e-09 -1.200322868865160531e-09 -1.158508475869347896e-09 -7.518213829314745108e-09 -6.619885861905466522e-09 -1.913245357719203435e-08 -1.695101079377687294e-08 -9.669154163642032164e-09 -8.611372676746358015e-09 -1.018272357496492761e-08 -1.095891621036357432e-08 -1.239253947258578129e-08 -1.154618921657452272e-08 -1.144183671713195278e-08 -1.345408997413343009e-08 -1.269629709521301521e-08 -1.159484697616470773e-08 -1.124985653924320394e-08 -1.162187571948769184e-08 -1.091927511999799629e-08 -1.099855565306027997e-08 -9.896547375153382554e-09 -9.112816774852011781e-09 -8.606873630624537405e-09 -9.216266475065280860e-09 -8.615788530970248891e-09 -8.148324422867534178e-09 -7.025574703757123429e-09 -6.498956237866910750e-09 -5.548719052492291413e-09 -5.490080375837417225e-09 -5.018325237571474930e-09 -4.637107474855339705e-09 -4.549496403116863848e-09 -4.684606131976546362e-09 -4.874914849946568234e-09 -4.669253605411483490e-09 -4.768862771153497724e-09 -4.464225124555753239e-09 -3.860680710802397050e-09 -3.409828345985065787e-09 -2.762063341654922326e-09 -2.478388345709501897e-09 2.109898585120862551e-08 2.133124601561312081e-09 3.842796358184105625e-09 7.030131499840968388e-09 4.219543506125475890e-09 2.236172041424527574e-09 5.244515081506131497e-10 -1.368914638332518834e-09 -1.398544102964344698e-09 -1.469945346846109674e-09 -1.443676120612953248e-09 1.085946744483645360e-09 1.332708000477297509e-09 2.345236347226640148e-09 2.850718503421283319e-09 2.127181587526365947e-09 2.665042927606978642e-09 1.298197380803664733e-09 2.658447352402877829e-10 -3.418408677626095969e-10 8.482654352183965325e-11 1.763701294642178933e-10 -2.698915624408027857e-10 -7.587278390466214501e-11 1.180393578176819813e-09 5.949352969755041144e-10 2.032436958557938832e-10 1.794679618627644822e-10 6.613221834846510635e-11 3.082131507397747479e-10 3.034372318516802536e-10 -1.957445901095087749e-10 -2.945316120249380379e-10 -1.128409603964064264e-09 -7.899956689534880088e-10 -3.746171146329240401e-10 -5.874011801527916763e-10 -1.113073225097873000e-09 -8.775477027296316307e-10 -9.399459891829097186e-10
1.221989711781811314e-07 8.504047430186173521e-08 6.284339379847294397e-08 5.341808590621262424e-08 4.924914629164317803e-08 4.735561752330319937e-08 4.586901477419159769e-08 4.548319588357284712e-08 4.375778199407790675e-08 3.738318727689455564e-08 3.111605862987200091e-08 2.601687195233908017e-08 2.124809351352567135e-08 1.798866951936611331e-08 1.486870588582947088e-08 1.217708362462379103e-08 1.025225080794123196e-08 8.586081212790622011e-09 6.859817748855730972e-09 5.545351119962074710e-09 3.989208579165247378e-09 3.081558852004562512e-09 2.429742749256871665e-09 1.809965820032656778e-09 1.251908753271697935e-09 9.714396183824161250e-10 6.713595304095794325e-10 1.591296088543035068e-10 -3.226295658264601666e-10 -6.776730884590597233e-10 -9.089804529142636289e-10 -1.204981986522304489e-09 -1.470394868593001458e-09 -1.471528215502465480e-09 -1.377358694168158810e-09 -1.176704692548549140e-09 -1.312078264345316848e-09 -1.219536083365396544e-09 -1.155298988570287360e-09 -1.095802968563108979e-09 1.110673046123973420e-08 -2.886776444229727777e-09 -1.463422594200318902e-08 -1.343132955162131830e-08 -7.488066696913050002e-09 -6.201916942466228284e-09 -8.541508186319144097e-09 -8.216527650368389056e-09 -8.626970916515806488e-09 -7.786518731099043901e-09 -8.020135719580589586e-09 -1.035022824641581400e-08 -1.023495733669694800e-08 -9.860917454413492382e-09 -1.040794450128030201e-08 -1.088135269490177641e-08 -1.043538816592940843e-08 -1.097847766210438867e-08 -1.004203407084411594e-08 -9.371363058841719433e-09 -8.786285792028450684e-09 -9.102642804450685791e-09 -8.530881443268117826e-09 -7.974125094250506759e-09 -7.086312325033987635e-09 -6.565566908411276995e-09 -5.922173605753163523e-09 -5.590291384185411148e-09 -5.019882393866243357e-09 -4.672512926978569424e-09 -4.506920017978813197e-09 -4.340362188654968887e-09 -4.446319611279761448e-09 -4.401830242286286807e-09 -4.566243762912507839e-09 -4.322118174244591986e-09 -3.825664194543470308e-09 -3.411132773804195490e-09 -2.755452858388408101e-09 -2.389654412122154520e-09 9.848331522039926028e-09 4.521690497364938073e-09 3.551319190911756941e-09 5.512291695614774280e-09 3.591698947462467538e-09 1.005315400510055055e-09 1.588256232655003123e-10 -1.396843211941774369e-09 -1.128710653947137680e-09 -1.749059639002614988e-09 -1.672117023186687019e-09 8.149762860821874778e-10 7.252259076791648445e-10 1.431218339960102798e-09 1.655622698685448861e-09 9.175750838696248893e-10 1.689867034263780100e-09 7.324099943289230881e-10 -1.875249864463930695e-10 -3.760818596413083490e-10 3.415073031013361964e-11 3.036125611133510642e-10 -2.976581402092971888e-10 -7.277061604632743088e-11 1.103875610679746633e-09 7.720832670485943181e-10 4.125249804543453850e-10 3.178323994247827560e-10 3.619535401992587391e-10 6.233729517115242636e-10 4.716368791828068643e-10 -3.944261900161148641e-12 -1.881957220452536353e-10 -9.772319463649700456e-10 -8.930509152773894086e-10 -5.573678362834839222e-10 -7.218561989514253812e-10 -1.030055949160899104e-09 -1.001190175144504924e-09 -1.030675843033508375e-09
1.061870911821562840e-07 7.129588356358977384e-08 5.162249814836456112e-08 4.375075776937664019e-08 4.025545632404401324e-08 3.904047017010594265e-08 3.804362266191354426e-08 3.818264997260964724e-08 3.738318727689455564e-08 3.694955712941635519e-08 3.162954528182888175e-08 2.674524692807276949e-08 2.191578382054206080e-08 1.866907832896050324e-08 1.545044514281214276e-08 1.253676841507434161e-08 1.041918512331046248e-08 8.729714531902621861e-09 6.961645814393592150e-09 5.628612806645853724e-09 4.085238375767976967e-09 3.153819168617814694e-09 2.491211514950017560e-09 1.860725224991289553e-09 1.213089329105034117e-09 9.262001070189121485e-10 6.887536769189303508e-10 1.909396213353303054e-10 -2.771476026673818997e-10 -5.721117811415287575e-10 -8.248228189946680521e-10 -1.200908431958987627e-09 -1.414699668703917234e-09 -1.417616349650464685e-09 -1.339703576120681394e-09 -1.208033360385053703e-09 -1.347659003849709706e-09 -1.277272453977076145e-09 -1.153976751603206492e-09 -1.120920870124903694e-09 3.244146641094108047e-08 -3.661616438362568556e-09 -1.385489711393652187e-08 -1.329124829322465569e-08 -7.965369477455388462e-09 -4.622334042102063537e-09 -6.332402588976954940e-09 -5.534603164593001735e-09 -4.197759422899574610e-09 -3.644600793462269931e-09 -3.913787053976204551e-09 -6.805453138530594948e-09 -7.694528287231693601e-09 -8.377303295125155226e-09 -9.443093018026277700e-09 -1.044864964268506957e-08 -1.041245362433337709e-08 -1.118570649637144068e-08 -1.021949951486782784e-08 -9.471210248846694423e-09 -8.835926616049726138e-09 -8.933193723937192638e-09 -8.121872598732002222e-09 -7.725380800119249976e-09 -6.991784979299050746e-09 -6.441653737273704202e-09 -5.753773413045578271e-09 -5.227893370150545368e-09 -4.614287036856949257e-09 -4.431878798300617643e-09 -4.301445977945979999e-09 -4.240149190558837426e-09 -4.240773150592498098e-09 -4.310039248605812210e-09 -4.521705585121864974e-09 -4.338551216712412564e-09 -4.016288131728157044e-09 -3.652555515995663269e-09 -3.019663047846453921e-09 -2.598100496668304787e-09 1.985554878397032601e-08 4.222371328947662582e-09 2.056254336440176231e-09 4.072797333928175403e-09 2.667246121020816512e-09 -1.755213278120419427e-10 -1.312679251497113600e-09 -2.584214113228040101e-09 -1.896125598145952401e-09 -2.218836983150159320e-09 -2.447550877529448582e-09 -5.536114389963991522e-10 -4.370473906894953767e-10 7.873053339898243354e-10 1.050543862143156108e-09 4.434059144030422836e-10 1.259967520144572827e-09 3.070251151447993389e-10 -2.843521841596141924e-10 -3.223927596477717623e-10 5.093989244313123852e-10 8.594625040905950909e-10 1.085334968995209313e-10 4.157893801640470766e-10 1.213986712126389245e-09 9.493987085697254062e-10 7.052730944324882559e-10 4.464975379262368635e-10 5.002824879276966516e-10 6.626102854368078991e-10 5.338129127344513559e-10 2.076733722476504049e-10 7.655795483454569951e-11 -6.264193310354605625e-10 -7.009346104081481189e-10 -4.239253255810426421e-10 -6.806649246373673521e-10 -9.883033568573971977e-10 -1.100003819404981258e-09 -1.170489632837836407e-09
8.641928795197888347e-08 5.620575108337310612e-08 4.002240595954674176e-08 3.466160637584507200e-08 3.235634195867200372e-08 3.176595736918519054e-08 3.112402452485539850e-08 3.168481649679822033e-08 3.111605862987200091e-08 3.162954528182888175e-08 3.104886502286538535e-08 2.679702729892990831e-08 2.237946429211781135e-08 1.897600186853220945e-08 1.589401570959984125e-08 1.316394823524800355e-08 1.085581151549793770e-08 9.132490515166556213e-09 7.340336110512912517e-09 5.957727285034759437e-09 4.406457881388421591e-09 3.402157318039054020e-09 2.673302549304418703e-09 2.091594526088566384e-09 1.506849123480376935e-09 1.293732816701836704e-09 1.017261966495048955e-09 5.146323738584675341e-10 5.273823469192079996e-11 -2.501958370077441879e-10 -5.947432767506640378e-10 -9.734710061102517233e-10 -1.175391700466473344e-09 -1.262325486615821817e-09 -1.237067326826164906e-09 -1.182304206613823955e-09 -1.319385632724723118e-09 -1.254572193618779084e-09 -1.196933248944791876e-09 -1.232425472486438061e-09 3.871120049432004958e-08 -6.631083564849649870e-09 -1.451820169169055829e-08 -1.133509134026124076e-08 -7.155060688290328386e-09 -4.044433981536339311e-09 -5.117391813057231672e-09 -4.482390189286192437e-09 -2.132477237057631057e-09 -1.068150008768389404e-09 -7.289216412708009533e-10 -3.379696399678028128e-09 -4.858896997137668998e-09 -6.426569278132478225e-09 -7.625923968237504112e-09 -9.066219003709815959e-09 -9.293851745685087045e-09 -1.026899552143003719e-08 -9.559502846962187888e-09 -8.956020752442232650e-09 -8.366575160127932394e-09 -8.400499087443738497e-09 -7.607656620038548693e-09 -7.365060106570029492e-09 -6.619329753541228502e-09 -6.038692997004435809e-09 -5.404354233422184209e-09 -5.144998144445010845e-09 -4.703881520153496849e-09 -4.576139673704861993e-09 -4.519286924552577868e-09 -4.496283421483963717e-09 -4.411328920555059753e-09 -4.332586886843126226e-09 -4.453491484143028469e-09 -4.353159292857359593e-09 -3.906886650941042961e-09 -3.497433715380836946e-09 -3.012289276368464365e-09 -2.565431746618030335e-09 2.330198036506246132e-08 7.133840611825926626e-09 1.184440564677852060e-09 2.991537415528886828e-09 1.361782822921301632e-09 -1.723512158958905810e-09 -2.311311350146850170e-09 -2.713186818103287796e-09 -2.392195581034537657e-09 -2.244630408955588833e-09 -2.838262909693775272e-09 -1.033576917505147164e-09 -1.010196978537286674e-09 1.924487937346043546e-10 7.458260757915574467e-10 3.496197060303277517e-10 1.097193450418234177e-09 1.218943915035994090e-10 -1.402880596266467369e-10 -8.286559401355540614e-11 5.052875679450028928e-10 3.286261824617943727e-10 -4.837126537741759412e-10 -2.879789495516844433e-10 2.824668800775308279e-10 1.835206643016576980e-10 1.538039393179150622e-10 1.493503296437751634e-10 2.690035650848600565e-10 4.806730856535450072e-10 4.597608153017643112e-10 -2.145657927839034174e-11 1.226578498341211348e-10 -4.515909321516841250e-10 -6.121965074028798130e-10 -1.842007374298215803e-10 -3.724436231696904542e-10 -7.807910567524234811e-10 -1.060534182247399127e-09 -1.091064536779309744e-09
6.791868194292026165e-08 4.326488791208568410e-08 2.991727913576083481e-08 2.680648802601706233e-08 2.545343991053254628e-08 2.516384036781636935e-08 2.539076116918339835e-08 2.623867166536011164e-08 2.601687195233908017e-08 2.674524692807276949e-08 2.679702729892990831e-08 2.650376787786447882e-08 2.272980948184698168e-08 1.948917302617648343e-08 1.656825005304342015e-08 1.388400703890198594e-08 1.148822565849694814e-08 9.759482401497946158e-09 7.936102468892951892e-09 6.561432520446611576e-09 4.959121043494405281e-09 3.857578868395103309e-09 3.102028002360778506e-09 2.483250937410557550e-09 1.851016049878795155e-09 1.537809131902646247e-09 1.125513329035611549e-09 6.302983886953131957e-10 2.102111463014974001e-10 -1.200157226467599729e-10 -4.501303469259751941e-10 -7.590500358409382089e-10 -8.960161863269554225e-10 -9.993144115929520965e-10 -9.971491927731992335e-10 -9.797126683396065852e-10 -1.056642234145046914e-09 -1.039398235532539338e-09 -1.051756852575146551e-09 -1.103846559444821445e-09 3.367489409432208316e-08 -5.206058269727564403e-09 -1.232200904052529442e-08 -7.886616852071208178e-09 -4.387051099381039362e-09 -2.597752539377931013e-09 -3.795181344421503188e-09 -3.014760446837737920e-09 -8.048579399520132621e-10 -8.916510021384207542e-11 6.769899752304667341e-10 -1.450107580183394466e-09 -2.540126320699320142e-09 -4.038184601109027130e-09 -5.577510274243818978e-09 -7.040384634145964255e-09 -7.477623713309938257e-09 -8.631051927170722191e-09 -8.105666393282786654e-09 -7.687044578729486242e-09 -7.250683205053643217e-09 -7.420557275858126913e-09 -6.653446917747419217e-09 -6.532911424118923581e-09 -6.020559015185989490e-09 -5.707272460226835339e-09 -5.232427702335552716e-09 -5.118280928170739331e-09 -4.617776803345008760e-09 -4.419136368500339607e-09 -4.380808127623339738e-09 -4.385978736486228944e-09 -4.209160905268831806e-09 -3.989534696614455036e-09 -4.050166859894168813e-09 -3.950363317283892383e-09 -3.587566473995574809e-09 -3.233945447848716827e-09 -2.825072526799775466e-09 -2.369775721593180900e-09 1.508822333155900093e-08 8.658148703367437310e-09 -1.244573033721558501e-10 8.984512619431023314e-10 -1.044280271833954543e-10 -2.977108941406004075e-09 -3.185726259777163133e-09 -2.839768130178857283e-09 -2.303973455432457512e-09 -1.924491572155928811e-09 -2.561174091796288025e-09 -1.209766747554365089e-09 -1.142569917239197821e-09 -2.962935838615013951e-10 1.155769150651729524e-10 -1.314766921051732211e-10 6.922637186133048805e-10 -2.576424905436473238e-10 -6.248963416088900880e-10 -5.549318961967057977e-10 -2.286416758218610035e-10 -5.575240223899778794e-10 -9.628611789040038926e-10 -7.819431319864690458e-10 -4.599936467181153276e-10 -2.386885850999365842e-10 -3.497354995963728636e-11 9.385453433831469699e-11 2.859495165666013848e-10 5.841500575382242144e-10 5.240201528209404145e-10 1.325846551039154124e-11 1.002115661198713387e-10 -5.579251765809167561e-10 -6.165898555740883808e-10 -1.271690626385132002e-10 -2.080253779071183305e-10 -5.209072996953730387e-10 -6.334281581001344913e-10 -6.451137209000989465e-10
5.895095607761717803e-08 3.408367230767406798e-08 2.345574194321577368e-08 2.165396112964190050e-08 2.072162659796429060e-08 2.051364293236913040e-08 2.084596002452436397e-08 2.149164223872661757e-08 2.124809351352567135e-08 2.191578382054206080e-08 2.237946429211781135e-08 2.272980948184698168e-08 2.232227370086174604e-08 1.963775181137719486e-08 1.684773844891715430e-08 1.423412750088730958e-08 1.172020907198865241e-08 9.922103464944333144e-09 8.106173761874910466e-09 6.608796765849548539e-09 5.026636853829401371e-09 3.957866750893393423e-09 3.163203935424134635e-09 2.548925954477121432e-09 1.885172461130721790e-09 1.556764878398811116e-09 1.146012429201188089e-09 6.897745753061226886e-10 3.184359778997591830e-10 -2.133316717717640514e-11 -3.827376476042157910e-10 -6.393571472561414823e-10 -7.673351646018864794e-10 -8.221093286221597537e-10 -8.355808648868897204e-10 -8.480804894957303734e-10 -9.027579166470487522e-10 -8.777865540336251390e-10 -8.892315846150596814e-10 -9.810127429531842081e-10 2.029369805436707040e-08 -3.826619923344455227e-09 -1.020860993113727560e-08 -5.784906084170726895e-09 -2.414550022979792205e-09 -1.351613930766738091e-09 -2.748188551125028242e-09 -2.419179208013524426e-09 -4.366655199495266296e-10 -3.020391695548172336e-10 6.490975520617019821e-10 -5.177914134484352227e-10 -1.293609747905277146e-09 -2.198158928272695690e-09 -3.420743940990291626e-09 -5.213818027586267747e-09 -6.000104573996154083e-09 -7.154490118127690218e-09 -6.888825853438028567e-09 -6.493894085040914523e-09 -6.156486177432019079e-09 -6.522237237172359299e-09 -5.973898561204097054e-09 -5.974014401177411249e-09 -5.460130340273222004e-09 -5.199625442810709385e-09 -4.651183108016789047e-09 -4.574900533069258289e-09 -4.256794668810398536e-09 -4.001948348579247929e-09 -4.016572696849096940e-09 -4.089730368726850228e-09 -3.765931768979287938e-09 -3.509902144654459763e-09 -3.480784197954398210e-09 -3.567493814829166719e-09 -3.256419494128907403e-09 -2.845665917294751487e-09 -2.414060839109490289e-09 -1.995178386972773517e-09 7.837749749579513563e-09 5.978632186440596843e-09 -1.453307135854598110e-09 -1.652521420122397827e-09 -1.643739009741680891e-09 -4.046457592692253609e-09 -3.445151155668665216e-09 -2.594716459631813492e-09 -1.557947520474859882e-09 -1.180174932729695514e-09 -1.785705374568009271e-09 -6.657425893425516556e-10 -6.501578840974016548e-10 -1.544914910358467659e-10 -1.633191009058983075e-10 -5.225148638511643620e-10 1.369259343324848379e-10 -5.323371710385952092e-10 -7.392345157905836525e-10 -5.197402805309682821e-10 -2.838880651725898413e-10 -6.879078691516609127e-10 -1.308709262785051707e-09 -1.164265521224309251e-09 -9.544429967633611592e-10 -6.776696074297295147e-10 -2.810186454339373361e-10 -1.215239715287615280e-11 -1.198015277953488724e-11 2.341171340742132244e-10 3.446085238403608244e-10 -1.622947547351272304e-10 -3.403631066785811692e-12 -5.369099831663957622e-10 -6.624919195292586751e-10 -3.372104781934683906e-10 -2.788714331664283085e-10 -5.793026439176786819e-10 -6.400704211029819153e-10 -7.243310509453411334e-10
