6.413157566721552937e-06 1.584692942113484908e-06 7.607837642240056541e-07 4.932917892016141403e-07 3.398651585342825986e-07 2.338577079515437084e-07 1.688315132383556467e-07 1.258232080091284886e-07 9.232472226477134090e-08 8.022987887325493522e-08 6.472099715085371250e-08 4.850767406199338383e-08 3.407186904042895228e-08 3.593108721636329410e-08 3.417225868120463465e-08 2.680307613035934957e-08 2.253685357738072785e-08 2.105352845859631291e-08 1.768401091178619866e-08 1.361756539383514566e-08 7.025709432948915296e-09 8.705943456693790042e-09 5.824779207865510698e-09 5.526874926061433903e-09 4.602527498112719456e-09 5.353057448150504525e-09 2.239222260437357877e-09 -1.913841102073063114e-09 -2.289446191421176089e-09 -2.203409962239918836e-09 -1.284509909946368665e-09 -1.912217142507346066e-09 -6.295169543098516733e-09 -6.525107361199689662e-09 -8.464991811892541827e-09 -5.494804991060274099e-09 -3.815762348812729044e-09 -2.599602344149783236e-09 -1.527963328442768092e-09 -1.039994921565435215e-09 1.805190963559181115e-06 -1.963179956639111009e-07 -3.803099799744981961e-07 -3.166756098202064152e-07 -2.405479005535997428e-07 -1.842758189127534958e-07 -1.528118097003849163e-07 -1.203579952559043829e-07 -8.802269773987423287e-08 -9.133764260455043529e-08 -7.980852268933989370e-08 -6.476565797587695419e-08 -5.734817085470584782e-08 -4.694187855176318964e-08 -3.246855332115232777e-08 -2.651799401122075235e-08 -2.750788388831743863e-08 -2.063692427324143721e-08 -1.795975631571583947e-08 -1.962814349520804002e-08 -1.733519874741570814e-08 -1.779867370261959462e-08 -2.119145197431552528e-08 -2.096908882060809245e-08 -2.026050980494254427e-08 -1.943626554611647363e-08 -1.911417526611685529e-08 -1.361273230496598202e-08 -9.000377447906721758e-09 -1.047225965444154327e-08 -6.562754976940295891e-09 -7.048380454768214970e-09 -8.761381683289046544e-09 -1.170947077719922668e-08 -1.197815969656430474e-08 -1.691120985268113713e-08 -1.578656976500066432e-08 -1.084531419354887274e-08 -8.542841206006149960e-09 -5.637645988211067646e-09 6.642601097900544888e-07 1.265474090709039927e-07 1.225487916149114864e-07 8.130441698804034666e-08 1.241608457291505939e-07 4.903773761672289323e-08 1.626769793729265554e-08 -1.711658023814878332e-09 3.862128708887117535e-10 7.476244047601653788e-09 9.188283294594145004e-09 2.629375408353604170e-08 2.622566405056655817e-08 2.005013551955466157e-08 2.333543101811695139e-08 3.584619845527409373e-08 3.796403581274537408e-08 2.641415807387667334e-08 2.610623703473423879e-08 8.836919759063085492e-09 2.265021360621525274e-09 1.348245857286199263e-08 -1.070207182832142029e-08 -1.699597357812027240e-08 -2.698015396549279111e-08 -1.669891217830751399e-08 -1.544187878842072012e-08 6.589342136429911570e-10 8.866956395764995990e-09 2.112056351291368480e-08 1.772716015028525599e-08 2.011934454373707430e-08 1.393418313691160609e-08 9.537340402685660847e-09 1.032692793852822727e-08 2.638371061869200323e-09 1.129791415042467535e-09 -4.365696183353463276e-09 4.291265921801559909e-09 3.624574734668251487e-09
1.584692942113484908e-06 1.076672133791698217e-06 5.182680013298803126e-07 3.369469739831589646e-07 2.393164872126482733e-07 1.754844954055522884e-07 1.254098052661752234e-07 1.005535336396672264e-07 7.915068341390097549e-08 6.207075798989603120e-08 4.681615996266772944e-08 3.769062523173829421e-08 3.096505045689226081e-08 2.676197019855531793e-08 2.568710695129900493e-08 2.220804050234014102e-08 1.671023912286544318e-08 1.715506663069652875e-08 1.443307340342517079e-08 1.240130799948241349e-08 8.559647019559069585e-09 8.624703880988778329e-09 5.638867440119244867e-09 5.050471184904161654e-09 3.784129955939797269e-09 3.491766650154615356e-09 2.678995520213442637e-09 6.547147614638826375e-10 -2.636147789771887182e-10 -1.380330918221597348e-09 -1.136929804455518062e-09 -2.550887941017258851e-09 -3.596421294413693507e-09 -3.706792745513678647e-09 -4.241293950116833430e-09 -2.848584746892347336e-09 -2.017289967713449697e-09 -1.756622380289418226e-09 -1.649166543447522216e-09 -9.158349117117143968e-10 2.971544348373275656e-07 -2.248506970760317343e-07 -2.150743172426006876e-07 -1.748710652391877069e-07 -1.377218675107683462e-07 -1.145119698078863336e-07 -8.722583327765036515e-08 -7.307206721222452743e-08 -6.239535345084509888e-08 -5.483822472571032350e-08 -5.413653510228283255e-08 -4.534705890368721012e-08 -4.471104394368972937e-08 -4.192893168905678184e-08 -4.093545644710437125e-08 -3.890906951700358607e-08 -3.303352664253810166e-08 -2.914814142738852523e-08 -2.758913749752231505e-08 -2.626111936025553763e-08 -2.045522941806115502e-08 -1.638279183439342706e-08 -1.857605704244489247e-08 -1.488495944980677897e-08 -1.321503980446396686e-08 -1.077182110754054007e-08 -8.279164089908456334e-09 -7.431080585677433590e-09 -7.725278703904576238e-09 -5.101902098093865033e-09 -3.878708319589318579e-09 -5.053877265116077885e-09 -6.400767934350895261e-09 -6.832790198862878947e-09 -4.788738342696541999e-09 -6.510070175081818598e-09 -9.116145067915527148e-09 -7.757984730028868916e-09 -6.971276692679820216e-09 -5.046678012530397829e-09 2.459003433012834503e-07 -2.491870496834304184e-08 3.559871677018881676e-08 2.930493705811430165e-08 3.051249056005811810e-08 2.492722086255434571e-08 9.825772047632621399e-09 -2.478897476783567057e-09 -9.063536038799498975e-10 7.423459008868795419e-10 1.416492669561362292e-09 1.383497809751171575e-08 1.259379076313990509e-08 1.647867954637151710e-08 1.319192996043253749e-08 1.963825238861754605e-08 1.787756285545075640e-08 1.314012775621952212e-08 9.543015528461155516e-09 4.835126257430597021e-09 6.554976840674140234e-10 3.490106472534881182e-09 -9.245263475440023124e-10 -4.255392184164858848e-09 -6.674621529859038338e-09 -6.705218380734956543e-09 -4.895305822179377428e-09 -2.077730558716447334e-09 -2.943224973589575196e-10 4.557081931957573232e-09 2.652853952353426050e-09 1.533789864675292580e-09 1.098181859871227665e-09 -8.982165909721381573e-10 9.951929859839376599e-10 6.293383478115699344e-10 7.703845217657553165e-10 -2.233457307630377425e-09 -6.161536095145825407e-10 2.211772674996702991e-09
7.607837642240056541e-07 5.182680013298803126e-07 3.703866143552459581e-07 2.378583503705832247e-07 1.695408581970312293e-07 1.251223880314156364e-07 9.247686944434962229e-08 7.360706742851229724e-08 5.913992866598548711e-08 4.507328955062029099e-08 3.415860915331810466e-08 2.638509965470562257e-08 2.189466787267434674e-08 1.922815558739195941e-08 1.719040054347408582e-08 1.532049093772052469e-08 1.146791000748649238e-08 1.133650695125700520e-08 9.745573035526401052e-09 8.091425031645603485e-09 6.372187325859732311e-09 6.274315492649646725e-09 4.358666377987596343e-09 3.976692565219866258e-09 2.377997665745211251e-09 1.323995889944395959e-09 3.813505183922471678e-10 -5.526789111244893860e-10 -4.984256661289872073e-10 -9.186363721154117478e-10 -9.818422944484498026e-10 -2.037569520006183545e-09 -2.816318707048793171e-09 -2.770387615303119725e-09 -2.987264089841177292e-09 -2.318309859713894177e-09 -1.843870270209087815e-09 -1.736515083779767398e-09 -1.960559457754199440e-09 -1.501939703479089183e-09 1.306286103039944993e-07 -1.123422964344978615e-07 -1.357065391162101484e-07 -1.038075253430351713e-07 -9.065655737820429738e-08 -7.651000442389369726e-08 -6.277359134657487480e-08 -5.576039374906148415e-08 -4.852479980452449775e-08 -4.361180772963100609e-08 -4.363769438915124693e-08 -3.738788444478061349e-08 -3.592649610858927263e-08 -3.145437189749302340e-08 -2.859252693378535806e-08 -2.625618378341171935e-08 -2.187968403082217228e-08 -2.048454489667122998e-08 -1.860664114613966029e-08 -1.832178378665307764e-08 -1.525931064378859667e-08 -1.212335508008243992e-08 -1.252164324807792094e-08 -1.198668543667684330e-08 -1.192336492464654199e-08 -1.142115476627699939e-08 -1.000649550428387362e-08 -8.359766366528619650e-09 -8.748883533447706881e-09 -6.877763033625503355e-09 -6.792049978145770686e-09 -6.694276133409946293e-09 -7.176813893578959785e-09 -7.747043639154396256e-09 -6.749329364203564307e-09 -6.149109548801920222e-09 -7.078917975904598069e-09 -6.735820529302625629e-09 -6.175385620024478800e-09 -4.953060641806387316e-09 5.421278972764377844e-08 -5.197771336181890324e-09 9.130963120635920237e-09 7.510950440286464533e-09 1.350939170375946593e-08 1.835679230738756510e-08 7.149868559876059846e-09 1.676791412048867267e-09 2.567591348166300888e-09 4.191854119472361242e-09 6.356998619759718429e-09 1.295553642209853518e-08 1.249319711182663605e-08 1.217895216779452593e-08 8.842226854839637936e-09 1.120742068305676436e-08 9.465458166345524348e-09 6.764709185399862302e-09 5.875203449676293623e-09 2.134268457957216347e-09 -7.933262239896976530e-10 3.562486620004540195e-10 -9.271493260931026777e-10 -2.647152355994831666e-09 -4.165610972139310366e-09 -3.616390773916697384e-09 -1.460175901592757314e-09 -8.746941732830881451e-11 1.635092191193338388e-10 1.817973706434234135e-09 1.451168279031813273e-09 5.809805465696865112e-10 4.450412420816984335e-10 1.485902201049707589e-09 2.480544757181479158e-09 2.074210817085087433e-09 2.308553618708830467e-09 -9.351136922973773509e-11 3.294008615362859748e-10 9.091095123694759932e-10
4.932917892016141403e-07 3.369469739831589646e-07 2.378583503705832247e-07 2.037281741823975127e-07 1.463846361729033267e-07 1.097817906016410463e-07 8.143126854297244736e-08 6.492367288056387893e-08 5.158436021096836816e-08 3.985093171239172511e-08 3.054114800317703812e-08 2.405764337739789021e-08 1.943964930257929448e-08 1.685043868937242772e-08 1.539742347185876284e-08 1.331361635776514172e-08 1.089710383482139698e-08 1.036525403494376562e-08 9.193519447929941787e-09 7.400467753948747960e-09 5.785993687860981547e-09 5.357006779545491157e-09 4.094743868400187552e-09 3.593604991146790563e-09 2.200604992195372634e-09 1.202995898358454096e-09 4.159958666162593172e-10 -5.369060564739126674e-10 -3.638148530656138647e-10 -8.096524311879634605e-10 -1.030182415271852658e-09 -1.604379473198667013e-09 -1.934568961343796460e-09 -1.973654631852239631e-09 -2.312875589612588285e-09 -1.757662178450894096e-09 -1.498902176620872130e-09 -1.369392879083193718e-09 -1.578617972777661462e-09 -1.327592518276825847e-09 4.602313183542133652e-08 -8.322865956989287666e-08 -7.691036733273862885e-08 -6.587684070802478557e-08 -5.579022330679812629e-08 -5.044352699796675997e-08 -4.815300588021010223e-08 -4.504004020874196356e-08 -4.079388644628821782e-08 -3.883595641174140244e-08 -3.713156626436575102e-08 -3.186514956522719565e-08 -2.917005942832343996e-08 -2.489078785955034980e-08 -2.281713885640984625e-08 -2.078448482687236018e-08 -1.845939577871882047e-08 -1.622537540608158928e-08 -1.506654056230832523e-08 -1.541992610410914182e-08 -1.324792758254293616e-08 -1.106713893421668045e-08 -1.204586968747432886e-08 -1.200301118963505993e-08 -1.213240077177576975e-08 -1.134711815299370832e-08 -1.039527995680252211e-08 -8.594611861699779616e-09 -8.271175569568028380e-09 -7.048235094448924232e-09 -6.403925284921516501e-09 -6.237188947484894195e-09 -6.791532321267790786e-09 -6.607607630971721827e-09 -6.104797969997365125e-09 -5.718547139472288077e-09 -6.110799355879912294e-09 -5.849843756575559877e-09 -5.421302545150537720e-09 -4.493754082719241384e-09 3.927722385431708305e-08 -7.986274729719540016e-09 5.545871955748673854e-09 -6.953050494806251063e-11 4.934772620191383949e-09 1.332314853916275256e-08 5.640556289082148012e-09 3.721564736932860756e-09 2.656879466956012514e-09 1.933824371219746546e-09 4.092171952849377212e-09 9.017977190150773115e-09 9.763537723944649135e-09 8.882561782243074405e-09 6.280484009286498080e-09 6.985096821282020866e-09 6.123271720158157658e-09 4.058100667512543990e-09 3.538067448422412694e-09 7.178999978670401089e-10 -4.372227442859436046e-11 5.152863385420819877e-10 -2.067177173975357953e-10 -1.509600902578541705e-09 -2.108365944425727233e-09 -1.773853992371520427e-09 -8.283818385552502864e-11 7.358920606379070105e-10 1.229553157646437451e-09 3.318843056425474714e-09 4.015756382737671490e-09 3.144805103344156499e-09 2.989439111397809849e-09 2.972150135072310682e-09 4.084857320120683531e-09 3.371822487693661812e-09 3.446541128108290299e-09 1.795067421879122711e-09 2.021955802724774111e-09 1.775702925738321440e-09
3.398651585342825986e-07 2.393164872126482733e-07 1.695408581970312293e-07 1.463846361729033267e-07 1.346228839010976305e-07 1.023932152206415294e-07 7.697250306916501215e-08 6.205316088126912354e-08 4.942350979043218612e-08 3.826610307514233398e-08 2.929773383078850269e-08 2.385228786898871253e-08 1.970844541397804530e-08 1.622894137301273996e-08 1.480021579523928720e-08 1.260752080891542932e-08 9.637638735547157718e-09 8.492114495852006182e-09 7.111790849314832823e-09 5.261282967380922478e-09 4.284469027133491420e-09 3.901874728342419458e-09 2.921239505565299680e-09 2.438242647766624822e-09 1.520233288690168192e-09 7.999943283295979852e-10 3.690903829583597118e-10 -1.906794502234487418e-10 -2.664033170768342748e-10 -7.386376392418499645e-10 -9.855850113585635132e-10 -1.285518871779471729e-09 -1.538263391672926907e-09 -1.509170859426158108e-09 -1.593814098690806111e-09 -1.565530742695256624e-09 -1.296480376613089017e-09 -1.240128968520276971e-09 -1.500433717166763698e-09 -1.256238830255996637e-09 2.438449628992406950e-08 -6.185753287215826732e-08 -5.242788934318272314e-08 -4.098715027426625393e-08 -3.887702361734045740e-08 -3.494614736166969256e-08 -3.656987218911204480e-08 -3.618751144552487691e-08 -3.326517322299151428e-08 -3.239877718129764447e-08 -3.175922928862017390e-08 -2.667951458587423880e-08 -2.435155559733015139e-08 -2.156929528914284346e-08 -2.022677888107217569e-08 -1.921633384063269195e-08 -1.807508576359997565e-08 -1.605853428698322169e-08 -1.452979883195069865e-08 -1.486925124436210290e-08 -1.288194001756678160e-08 -1.071359317358534723e-08 -1.085971019006234103e-08 -1.081813768069013254e-08 -1.082622468876040148e-08 -9.599198910411385875e-09 -8.697341084269123735e-09 -7.270109414138947802e-09 -6.667212159364530780e-09 -5.763624307325969476e-09 -4.866444585960989539e-09 -4.509141077687629683e-09 -4.865432203112580244e-09 -4.469509259235384245e-09 -4.341829502551319004e-09 -4.440912276097466451e-09 -4.473120698156451994e-09 -4.393558578839356988e-09 -4.234350884332582370e-09 -3.584244048043614526e-09 7.602971581309548532e-08 -1.060263388338197770e-08 4.218427431202817606e-09 -1.349887607174439000e-09 3.418771975368023389e-09 9.521773925167229761e-09 5.624186576195720944e-09 3.245772187281398628e-09 2.456415918282667691e-09 1.253276676054004304e-09 3.868939347857222000e-09 7.411379045771247784e-09 8.233762783319940970e-09 7.194091763656211826e-09 5.648868876285891769e-09 5.456529055201430064e-09 4.862375772443792097e-09 2.769623301973671567e-09 2.111453624648398299e-09 1.262218690592824801e-09 1.117484868701733756e-09 1.095189959126938623e-09 1.218997814508094834e-09 -3.198930926292045178e-10 3.736301992741877145e-11 9.813462158816067400e-10 1.918910607015825557e-09 2.401744174096128276e-09 1.469767806052990400e-09 2.514396657041345692e-09 2.686934134997963750e-09 1.899529563985441452e-09 1.770096686935111429e-09 1.452595686469255614e-09 2.734885287523598843e-09 1.697689976850380231e-09 1.595937865132263154e-09 7.956996753793182772e-11 3.547257122769499749e-10 3.751704277774462000e-10
2.338577079515437084e-07 1.754844954055522884e-07 1.251223880314156364e-07 1.097817906016410463e-07 1.023932152206415294e-07 9.697395396274817645e-08 7.470388420958920499e-08 6.084567940491540638e-08 4.840060837918789624e-08 3.852636520323118018e-08 3.020072657807968972e-08 2.448685486342389103e-08 2.023684061205521110e-08 1.691967946878501018e-08 1.554253078642087230e-08 1.332124261102638230e-08 1.077468999096786697e-08 8.998471418280276582e-09 7.434852112699738760e-09 5.714900863858153896e-09 4.605795075355662475e-09 3.783823863718577311e-09 2.877704139296392660e-09 2.477656381412814878e-09 1.750771910412210748e-09 1.119110791140130624e-09 6.610044215726742808e-10 7.059593214808997504e-11 -3.877383766592589833e-11 -4.796846788687640327e-10 -9.338034661521987448e-10 -1.348493527515357860e-09 -1.662116239786174686e-09 -1.908813824164165969e-09 -1.936811299459449107e-09 -1.699973219386935654e-09 -1.524054789296540132e-09 -1.469545550613997542e-09 -1.690914889519110872e-09 -1.348255308821466201e-09 3.828147125641318354e-08 -4.778310351833261534e-08 -3.581276164356122488e-08 -2.966568784366952358e-08 -2.437205867219322387e-08 -2.121846937160601554e-08 -2.277498583476569231e-08 -2.524193718663523802e-08 -2.493596239685027524e-08 -2.556218072364617267e-08 -2.530977030420354747e-08 -2.286855944115873017e-08 -2.212166104223778658e-08 -1.928559106542149968e-08 -1.877748632681091996e-08 -1.778817767853940014e-08 -1.667872971929154416e-08 -1.524627916996794327e-08 -1.433717258521585223e-08 -1.397854287040297030e-08 -1.222651317320681717e-08 -1.026053737840531502e-08 -1.080119090218557649e-08 -1.065671167627174327e-08 -1.114072813326676040e-08 -1.021040735585054765e-08 -9.535121418349545723e-09 -7.742436203126861026e-09 -7.090192247104911894e-09 -6.222296693998510688e-09 -5.543186364273247389e-09 -5.101921798558627703e-09 -5.434369812124081839e-09 -4.797992610486360836e-09 -4.425125632069714846e-09 -4.170861921542302323e-09 -4.064350793503726490e-09 -4.125368870325591033e-09 -3.885120846636863316e-09 -3.237177184127869519e-09 5.222392237198747568e-08 -1.083996287376040280e-08 -1.212551417172422490e-09 -3.619396498074916470e-09 2.021077030245163118e-09 5.173660695901394423e-09 3.565300332256106277e-09 9.917815334612126309e-10 6.492579325697390104e-10 -3.041771900793067909e-10 1.945901177273006745e-09 4.754602589086418159e-09 5.931419848639872016e-09 4.713794629610734037e-09 3.077100786877946217e-09 3.186441196063193500e-09 3.323131479146093447e-09 1.894189874437295925e-09 1.129456094697265981e-09 1.048376133463550374e-09 6.162188676819755356e-10 9.741634716446638500e-11 1.060222436091380938e-09 -1.315635735232681918e-09 -3.628375925588794791e-10 2.499313787647401511e-10 1.383977119969488620e-09 1.674889092862090076e-09 6.782748708435431313e-10 1.542785771810675386e-09 1.275126386263041563e-09 1.415418951044459386e-09 1.496657223834089365e-09 1.575963280867700816e-09 2.792562795503586175e-09 1.888943221626987095e-09 1.867260048478598998e-09 5.568849533545629078e-10 6.562549232535288033e-10 3.287794459674995869e-10
1.688315132383556467e-07 1.254098052661752234e-07 9.247686944434962229e-08 8.143126854297244736e-08 7.697250306916501215e-08 7.470388420958920499e-08 7.105401585721580232e-08 5.754738514611489008e-08 4.665730530894207905e-08 3.729570609849496062e-08 2.960371425337139362e-08 2.429639190049031180e-08 1.993773125212800894e-08 1.651964296848778401e-08 1.462057779127226857e-08 1.220966905578693839e-08 9.879896587356044643e-09 8.239501657045109313e-09 6.640640910775575352e-09 4.887716670272542783e-09 3.558855231132915151e-09 2.743099887466468925e-09 1.838770894950883469e-09 1.604675175616458623e-09 8.903484372089963610e-10 5.171930179240867113e-10 2.221542839093675468e-10 -3.152099807324979050e-10 -5.006688210846839071e-10 -9.991931886314692606e-10 -1.303817224842888102e-09 -1.735551494967554884e-09 -1.996798533868984946e-09 -2.085758166411413354e-09 -1.935541698878959589e-09 -1.616967124135916549e-09 -1.345862278389976241e-09 -1.126816305881871337e-09 -1.136504612689079608e-09 -8.793040443144345492e-10 5.192113841186093946e-08 -2.790389724399979803e-08 -2.260433227567968578e-08 -1.987402769199830512e-08 -1.400307443210571377e-08 -1.045139942054771435e-08 -1.420374861675136224e-08 -1.680051841306339015e-08 -1.846831127475725215e-08 -2.031173832407810709e-08 -2.102186664652813694e-08 -1.924590303273784121e-08 -1.889343693955338913e-08 -1.635287321816412214e-08 -1.639399712503007687e-08 -1.609263694713385870e-08 -1.493008788149788404e-08 -1.335408004177807936e-08 -1.252747463021841426e-08 -1.217415946055675267e-08 -1.108198836033011935e-08 -9.799441191503879650e-09 -1.027495569163144531e-08 -9.920354697854410353e-09 -9.856930761616112676e-09 -8.082176162884322297e-09 -7.289242149491513270e-09 -5.923011160307024214e-09 -5.165329734199835671e-09 -4.953727260427882964e-09 -4.326089837636089873e-09 -4.187279872539117826e-09 -4.433295392151153413e-09 -4.112361719809187490e-09 -3.960214796103907553e-09 -3.858989797495923350e-09 -3.648315276663534880e-09 -3.735341041319538084e-09 -3.372631520274390196e-09 -2.758544304554302178e-09 6.394522611536990463e-08 -5.552786283210116095e-09 -9.206031680614049608e-09 -5.529621973146039666e-09 1.135236900073003595e-09 3.918281897555852954e-09 1.481727300542031580e-09 2.458967986837960639e-10 2.235824961652641318e-10 -2.237208712403695833e-10 2.199288654621777525e-09 4.636913164105271614e-09 5.879966219016737052e-09 4.902119111522523928e-09 3.416915068258764115e-09 2.602327875061308758e-09 2.993699345132094116e-09 1.829589236789421095e-09 4.417395799492940427e-10 -1.021396015936878607e-10 -3.223050419236734119e-11 -3.210452751116522043e-10 -7.696134155394352439e-11 -1.763563012905104454e-09 -6.888290095905791216e-10 -8.478830095257264990e-11 7.845203467253875870e-10 1.061439315140035221e-09 3.824806678478108178e-10 9.666190690274030117e-10 9.474640249841696186e-10 9.052586824820392293e-10 8.597943281699839117e-10 8.760465242157257813e-10 1.661622429478810004e-09 9.592219965084192862e-10 1.217646839489730699e-09 7.104667648100488196e-10 7.153671632784187363e-10 1.978348282877993983e-10
1.258232080091284886e-07 1.005535336396672264e-07 7.360706742851229724e-08 6.492367288056387893e-08 6.205316088126912354e-08 6.084567940491540638e-08 5.754738514611489008e-08 5.648136687283327191e-08 4.604200914030746325e-08 3.764660531471843604e-08 3.038566191389828998e-08 2.524973116903744329e-08 2.078837631038102382e-08 1.732575882450803307e-08 1.497969828389379812e-08 1.239231576837291717e-08 9.997646574732784938e-09 8.625845744555254262e-09 6.814893424034034696e-09 5.096753025975636719e-09 3.712786224283030444e-09 2.913278790102032606e-09 2.088292951801236389e-09 1.601326417727371381e-09 1.068362259112525941e-09 6.345376403633429048e-10 4.665987956278590674e-10 1.727779525956890876e-11 -2.182992855641808431e-10 -7.559587776785865638e-10 -1.116435993246453583e-09 -1.342414752206299747e-09 -1.698838789168471607e-09 -1.729713909615067016e-09 -1.644105337429528539e-09 -1.436623011773948501e-09 -1.223192679896551695e-09 -9.544215918368359744e-10 -1.025846411614236412e-09 -7.642142173282015257e-10 2.989346236923660069e-08 -2.359747373317900508e-08 -1.579524011115561145e-08 -1.371579003527161272e-08 -1.140955012602927924e-08 -7.982346628115552622e-09 -8.840678725723442367e-09 -1.124345316820075927e-08 -1.196308892212232464e-08 -1.413789183261274794e-08 -1.543806805790656786e-08 -1.411160526605999280e-08 -1.461441696939933166e-08 -1.311282287440861456e-08 -1.383467738454867400e-08 -1.456596220920657057e-08 -1.420424610289894714e-08 -1.315992880538424320e-08 -1.245459492899246666e-08 -1.193609143748321085e-08 -1.035145704627226304e-08 -8.857267389867011397e-09 -8.806144434417462561e-09 -8.706310072524271090e-09 -9.267584398149905218e-09 -7.727518473932552927e-09 -7.348653089777111805e-09 -6.362530446978758059e-09 -5.728158651045196658e-09 -5.254941351895364503e-09 -4.639573572235383554e-09 -4.626924948906080016e-09 -4.584364731236031025e-09 -4.176195530081512295e-09 -4.181172151669665524e-09 -3.948666872294467175e-09 -3.770814888221428711e-09 -3.984116058616048993e-09 -3.603766477642313456e-09 -3.034904646404109979e-09 4.335421272307244189e-08 2.505654307561684859e-09 -8.486414962013489577e-09 -5.161911913060424381e-09 6.902907610305284656e-10 3.479802182885840538e-09 1.851052995928030614e-09 3.946591659415174072e-10 8.493325529334138441e-10 1.137203320042761583e-09 1.720944419897248966e-09 2.796958821267693107e-09 3.810772195446166768e-09 2.920093940292161608e-09 1.858883920271794576e-09 1.824855758485056734e-09 2.537244459755608075e-09 1.896551219604068435e-09 3.814515429522460529e-11 -1.085704945528171275e-10 9.571972778123145347e-10 6.449660756331280598e-10 4.917257495310889984e-10 -8.809866316607342958e-10 4.108801118666603405e-10 5.449933080646449597e-10 1.029069380204072460e-09 1.210904833083320939e-09 4.434510458160290352e-10 7.539119024190375072e-10 8.533011691665650551e-10 8.095593477176394735e-10 8.103588707763270097e-10 3.352384032883179508e-10 8.314400666967588381e-10 1.640606850759132354e-10 3.030308060440828324e-10 -2.819123750788486201e-11 -2.509718813254128664e-11 -5.003046640086328426e-10
9.232472226477134090e-08 7.915068341390097549e-08 5.913992866598548711e-08 5.158436021096836816e-08 4.942350979043218612e-08 4.840060837918789624e-08 4.665730530894207905e-08 4.604200914030746325e-08 4.504573611035129393e-08 3.702234267860024261e-08 3.010958856746842333e-08 2.493453285144561269e-08 2.072605458923621034e-08 1.737263776158469653e-08 1.472786399636193816e-08 1.218715147965669773e-08 9.822021620366824970e-09 8.061636414451958250e-09 6.281723539353742138e-09 4.620942066069953951e-09 3.487811676118239715e-09 2.637599875444701843e-09 1.759825906032792245e-09 1.354302147025728416e-09 6.775743814941180788e-10 4.170872644451902875e-10 2.772898584832989766e-10 -2.061824047120592217e-10 -2.942073480897782078e-10 -7.790325407547907184e-10 -1.019241671841605843e-09 -1.262835275767246929e-09 -1.537980277157134818e-09 -1.628212374520036553e-09 -1.612526165750980932e-09 -1.439748570631827596e-09 -1.182155051820617346e-09 -9.074178578127947038e-10 -1.006908951857845450e-09 -8.238675842027170706e-10 2.690186991919189203e-08 -1.941841770529323268e-08 -1.327839621568343416e-08 -1.259343302317251333e-08 -1.110755811893627091e-08 -7.024964439336966385e-09 -6.650808835288302213e-09 -6.408230120769416547e-09 -6.464838207958210402e-09 -7.794499633013571301e-09 -1.104856225162288911e-08 -1.039791410229577588e-08 -1.141592651153996283e-08 -1.113868747925995260e-08 -1.213456295836661553e-08 -1.294346405858372636e-08 -1.283211937870133540e-08 -1.207885693767505691e-08 -1.177526336564912557e-08 -1.116001811572996050e-08 -9.520149928717187987e-09 -7.972890971169709630e-09 -7.874006768342352459e-09 -7.715984959240054524e-09 -8.134355345643325934e-09 -7.059753342963204287e-09 -6.558394818226016567e-09 -5.763367080752947711e-09 -5.436475229725935497e-09 -4.924368416328983627e-09 -4.744659442620079307e-09 -4.584653958224760126e-09 -4.713247313061694726e-09 -4.410561248122277369e-09 -4.111139646530873398e-09 -3.870472138627551228e-09 -3.648039647416695964e-09 -3.756146587842330401e-09 -3.153754503086438733e-09 -2.545564236489544239e-09 3.675215307203667431e-08 2.104463051871366403e-09 -8.382901937808195575e-09 -5.262233908980560465e-09 3.864347633164294842e-10 2.893928409080668473e-09 1.423058052754045783e-09 1.223213230851665235e-09 4.362108242024726652e-10 8.375461257413957514e-10 1.232625681053007434e-09 1.425639905569151486e-09 2.817287507688912138e-09 1.597301323653081816e-09 7.021643957156247789e-10 7.394244394178439803e-10 1.846037402136468520e-09 9.793427406839454552e-10 -6.162485660275527439e-10 -4.234618979316933905e-10 4.858680271889778668e-10 -1.792941684116455376e-10 -3.184663921632588519e-10 -1.698735618363086701e-09 -2.250028609244045476e-10 -1.827017473613305669e-10 3.888583659304555547e-10 4.112339531281406025e-10 -2.432811658462810201e-10 3.782567689381620811e-10 3.904217682520279421e-10 4.512633573224909862e-10 2.900045856665367454e-10 2.754765217412878480e-10 8.109183285953363049e-10 3.287834850395558186e-10 3.699581230354110496e-10 4.779019469843774970e-11 2.850385022225859341e-10 -1.787340620594810249e-10
8.022987887325493522e-08 6.207075798989603120e-08 4.507328955062029099e-08 3.985093171239172511e-08 3.826610307514233398e-08 3.852636520323118018e-08 3.729570609849496062e-08 3.764660531471843604e-08 3.702234267860024261e-08 3.699525134244970840e-08 3.102403534306409479e-08 2.592917901490524300e-08 2.189493655256649723e-08 1.839276163484798904e-08 1.567194203031254741e-08 1.294847785039478237e-08 1.060296683098269841e-08 8.806906571269700281e-09 6.938374466319962539e-09 5.258398073853051799e-09 3.933637653443250297e-09 2.884428602217821877e-09 2.197614468759545149e-09 1.780149309317203067e-09 9.964220386867384331e-10 7.288836416121599715e-10 4.930643514331198717e-10 7.679511939293067143e-11 4.779740466643139855e-11 -4.631186639112419728e-10 -6.732885752056991585e-10 -9.208779436972404503e-10 -1.140947728627963474e-09 -1.309671884673975352e-09 -1.424118890165688059e-09 -1.374200478042694152e-09 -1.125949182679538779e-09 -9.161253299678216398e-10 -9.984042359878264610e-10 -9.079878062073262777e-10 1.308488401766617951e-08 -1.449054860571029137e-08 -1.250277059629342107e-08 -1.156413307173532575e-08 -7.844143583613074032e-09 -3.656932336860920906e-09 -4.158608397949880292e-09 -4.006323926746137623e-09 -2.399729853027048735e-09 -4.032041617008099972e-09 -5.988514304583286756e-09 -6.093898537920276787e-09 -7.774031376862241959e-09 -8.013281413359553253e-09 -9.071766814566700432e-09 -1.023216526401561344e-08 -1.074375767781580905e-08 -1.040125666192379352e-08 -1.039835325866515282e-08 -9.950984369004358811e-09 -9.068640961952685940e-09 -7.599325618303457515e-09 -7.253261354205282268e-09 -6.776658274227128669e-09 -7.088613493327833657e-09 -6.338507612119082633e-09 -5.872693932332797646e-09 -5.255050445259858150e-09 -4.824861440205131722e-09 -4.058542175394436317e-09 -3.952975308548724981e-09 -3.884033326246846253e-09 -4.168696568082976371e-09 -4.151417230564263310e-09 -3.967912845999646900e-09 -3.909797764263675824e-09 -3.750640661455714038e-09 -3.821416668988630333e-09 -3.120383253742535394e-09 -2.492646838737142589e-09 2.010830124243589127e-08 5.162630498227607692e-09 -6.041152663144796583e-09 -5.918670950818596222e-09 -6.746164644134093541e-11 2.757201922004382105e-09 1.169070285809888303e-09 1.679242738410930507e-09 1.072483045348954435e-09 1.737611872888785204e-09 1.239263755304123495e-09 2.162256180388422591e-10 1.942917316065512729e-09 1.038131348547958496e-09 -6.367674821136347597e-10 -7.054494888610340060e-10 8.029997572085178098e-10 5.456779574821247013e-11 -1.087836285709555668e-09 -1.140354101673144802e-09 -3.366146776002312748e-10 -8.705079594285937004e-10 -1.115941211920817595e-09 -2.049225290409770255e-09 -3.756164663643728075e-10 -2.695039898816973940e-10 5.355125894845596718e-10 7.723607448302592484e-10 3.857639234463716715e-10 8.907475602966247321e-10 8.990890959551524277e-10 6.179288869824063234e-10 7.156860187607474640e-10 4.546939835165540146e-10 6.960381393318015304e-10 1.982120887583454756e-11 1.331949142582939583e-10 -5.042615010121908128e-11 2.485377156243196932e-10 -4.243262309250921511e-11
6.472099715085371250e-08 4.681615996266772944e-08 3.415860915331810466e-08 3.054114800317703812e-08 2.929773383078850269e-08 3.020072657807968972e-08 2.960371425337139362e-08 3.038566191389828998e-08 3.010958856746842333e-08 3.102403534306409479e-08 3.113065398410549774e-08 2.653028378967115895e-08 2.263607581563488421e-08 1.912674046953935996e-08 1.631762127340459250e-08 1.353950584743183709e-08 1.114011540391826975e-08 9.210721874546543716e-09 7.386354501267210531e-09 5.728788724016956672e-09 4.395485862347079339e-09 3.387591989221740355e-09 2.795100782898588265e-09 2.305447848278033585e-09 1.486512970513318989e-09 1.210821099534253579e-09 9.176089665153256465e-10 5.551587312881872921e-10 4.251640397463971399e-10 -7.338497888964267562e-11 -3.517672226563465448e-10 -6.541895673741648172e-10 -8.656756497471874574e-10 -1.066258538259795322e-09 -1.256197924221850958e-09 -1.234213348438453252e-09 -1.191284637104187537e-09 -9.996430756950896103e-10 -1.068603042818567384e-09 -9.750827705895482090e-10 2.793716828336526438e-09 -7.759511343092433322e-09 -6.980283178241222848e-09 -7.345245970129856687e-09 -4.022374833723288257e-09 -4.408750868087547514e-10 -9.205898490798455028e-10 -1.340640765037158432e-09 -1.291550280893243090e-10 -9.358059483702071237e-10 -1.900397787946487373e-09 -2.387966564076956885e-09 -4.505245301683913162e-09 -5.626958170685380443e-09 -6.531157402110785853e-09 -8.067160031050186453e-09 -9.474052081969175966e-09 -9.523650529957792666e-09 -9.631172641323446090e-09 -9.308952991527313807e-09 -8.241109286771728548e-09 -6.979069683974259764e-09 -6.521477334281316038e-09 -6.181302786008703790e-09 -6.548308838269340778e-09 -5.778376884445349069e-09 -5.170644378247752613e-09 -4.876649922607838424e-09 -4.639464280341974315e-09 -4.006479071361693761e-09 -4.056679360901536434e-09 -3.986485607294876247e-09 -4.138150535377045291e-09 -4.052517814853835395e-09 -3.848093732774264890e-09 -3.715814988755383013e-09 -3.510474996124344210e-09 -3.531103462213139972e-09 -2.884889687648352005e-09 -2.456297478891286635e-09 1.675079786403281948e-08 9.115487651662777787e-10 -6.687317656348907433e-09 -6.719999657840710867e-09 -2.389871677954538866e-09 2.775093663949599394e-10 -5.420487906188347973e-10 2.683957873030336394e-10 6.158133997046151625e-10 2.195095019328391116e-09 1.550011920885091505e-09 -6.567540379601906649e-11 1.506866470152044255e-09 5.819762076885119812e-10 -1.061159633297185028e-09 -1.489430490889593877e-09 -4.212957960763364775e-10 -9.759542586022029855e-10 -1.723171118401123963e-09 -1.820832375562649018e-09 -1.008518945288268000e-09 -1.360605569627964180e-09 -1.322295238484039498e-09 -1.948044914696463491e-09 -2.594695970091088387e-10 -7.184172514049661393e-12 7.060684281572558959e-10 5.700598370311293623e-10 9.637602667859608587e-11 4.333057132927572370e-10 6.940822574299665693e-10 6.970995457874004025e-10 7.564861514383743930e-10 5.037103588649463428e-10 8.268661119102290751e-10 1.664605670409084600e-10 4.679992194737109639e-10 2.929629299274044714e-10 4.820154409942810331e-10 2.166610142950554620e-10
4.850767406199338383e-08 3.769062523173829421e-08 2.638509965470562257e-08 2.405764337739789021e-08 2.385228786898871253e-08 2.448685486342389103e-08 2.429639190049031180e-08 2.524973116903744329e-08 2.493453285144561269e-08 2.592917901490524300e-08 2.653028378967115895e-08 2.673258502836438910e-08 2.302170654169417777e-08 1.969805819730510590e-08 1.682466063741055126e-08 1.399700605458528777e-08 1.152641808731471816e-08 9.695534917644675910e-09 7.783920670116584930e-09 6.043293357840035999e-09 4.726618725477542501e-09 3.755360889295788657e-09 3.175851961493487823e-09 2.568860273930405675e-09 1.721762309040317885e-09 1.397644096413259259e-09 1.033187965336485864e-09 6.956644932238828764e-10 4.924624159299359639e-10 -2.761764001105864733e-11 -1.913628084865056482e-10 -4.681447276149596135e-10 -6.072052744931044014e-10 -8.457763172934750599e-10 -1.011775096716128210e-09 -1.028901419853579676e-09 -1.015915197222159444e-09 -9.739302118044672828e-10 -1.081575521000594479e-09 -9.516489579258740162e-10 8.132955116759120610e-09 -5.903727986222840808e-09 -5.689899746022795146e-09 -5.119210319240157602e-09 -2.945845965824935471e-09 6.101630588012382485e-10 5.040867151738104067e-10 -7.627818942751646773e-10 3.635403496349921057e-10 2.614985043365788001e-10 3.241156867045660458e-10 2.565055177721767644e-10 -1.753884743535898473e-09 -3.071037076257828700e-09 -4.016610179050048232e-09 -5.816760675605152401e-09 -7.504061782834168007e-09 -7.758244886208767743e-09 -7.977080292880309245e-09 -8.037558951895019271e-09 -7.195510835381695255e-09 -6.332504192392255603e-09 -5.792699705287476171e-09 -5.431984120320106327e-09 -5.821874128855124823e-09 -5.299832227029161904e-09 -4.884783462116167751e-09 -4.524166408251654136e-09 -4.484559562121277565e-09 -3.940175457737490186e-09 -3.881606706954690553e-09 -3.907156921879623092e-09 -3.923447133996716242e-09 -3.726085746420895981e-09 -3.564318289476450078e-09 -3.317469674058898027e-09 -3.202812482502832547e-09 -3.246512257416106894e-09 -2.565264554950885753e-09 -2.187530459311700298e-09 2.646223792174819665e-08 1.522959725517241514e-10 -4.456317496258321914e-09 -6.826059090171850267e-09 -3.790813067171068247e-09 -3.399997066541911811e-10 -1.240247169969554729e-09 -4.206305889219770384e-10 3.621826579841928947e-10 2.155603214219350191e-09 7.841860975866825258e-10 -3.595086687949588916e-10 9.095521734472857249e-10 2.243341357752732244e-10 -1.292296606435343700e-09 -1.651839220487008784e-09 -6.099379357923314606e-10 -8.089781589881749988e-10 -1.267233057387086123e-09 -1.319275942395844609e-09 -5.218646313753047550e-10 -7.750250608194619603e-10 -8.712334186895420445e-10 -1.405492106316870751e-09 6.145874299238411420e-11 2.090729716446160587e-10 9.508247206375124053e-10 9.243696266086452979e-10 1.927499997775360363e-10 2.780263834379932276e-10 2.569579404096674898e-10 4.174247709225724689e-10 5.945754616654507895e-10 3.839606049453870980e-10 5.497048631214672806e-10 -1.031408153647377082e-10 2.201732571276552817e-10 9.526609874831184336e-11 4.280843307653160736e-10 3.652635081499450165e-10
3.407186904042895228e-08 3.096505045689226081e-08 2.189466787267434674e-08 1.943964930257929448e-08 1.970844541397804530e-08 2.023684061205521110e-08 1.993773125212800894e-08 2.078837631038102382e-08 2.072605458923621034e-08 2.189493655256649723e-08 2.263607581563488421e-08 2.302170654169417777e-08 2.327915846805463425e-08 2.018974567407564093e-08 1.739757185979425324e-08 1.448853873574014172e-08 1.198451266713554314e-08 1.011637833700661722e-08 8.097265798350289188e-09 6.387950023805131048e-09 5.071845193017953879e-09 4.080543239652847613e-09 3.349697639083242298e-09 2.773189132218308221e-09 1.986577382122685133e-09 1.630078650223021132e-09 1.205804238538842089e-09 7.269408202833588945e-10 4.947455545127114397e-10 -1.443315709739091625e-11 -1.327695027650845590e-10 -3.810525168410467674e-10 -4.927397291196158885e-10 -7.060266135249130164e-10 -8.101068310215901320e-10 -8.342565237876546264e-10 -7.945562525677427824e-10 -7.996557848463348105e-10 -8.811409233021054012e-10 -8.101900518142405412e-10 4.651786208705718346e-09 3.381528727410037153e-10 -2.573152394234979911e-09 -2.076819713618929677e-09 -1.160579613817380270e-09 2.230004198993513976e-09 2.163615375973437099e-09 5.182313113885553401e-10 9.915983000784498550e-10 6.316606935115003398e-10 8.361434084151153917e-10 1.307280059334405311e-09 -3.707235520014061770e-10 -1.141230848719107368e-09 -2.759796403066613729e-09 -4.847141947399713154e-09 -6.732210624262178108e-09 -7.392552333384631485e-09 -7.768646082726984483e-09 -7.785039819497794513e-09 -6.683115397159161259e-09 -5.791697533049233127e-09 -5.312275469981213555e-09 -4.945882369973770409e-09 -5.451118767294918176e-09 -5.172564010329525646e-09 -4.918804135487326765e-09 -4.547360271256728540e-09 -4.717454301743368553e-09 -4.174278411466893077e-09 -4.035093173959480150e-09 -4.011575540784276720e-09 -3.796350965288803166e-09 -3.633929536020525581e-09 -3.444466423131135844e-09 -3.362773396483051590e-09 -3.298987872138507373e-09 -3.238352643452126476e-09 -2.648208504050372004e-09 -2.158284349631193518e-09 1.218298081687858348e-08 -2.348897226607311574e-09 -2.844432004297341510e-09 -6.662783362745510161e-09 -4.174675868656926597e-09 -1.365613955281730987e-10 -4.295656505616252425e-10 -5.165277475654134630e-10 -1.228801974596908368e-10 1.438215163132380541e-09 5.176401509840819160e-10 -3.905720391167704724e-10 1.061212909799349595e-09 7.961762960366007434e-11 -1.729000653073415959e-09 -2.268002704646726442e-09 -1.034636871758904004e-09 -1.510986143582639526e-09 -1.524046312463478516e-09 -1.378000824666024434e-09 -4.456438543739509199e-10 -8.828500955468660765e-10 -1.524883669711963947e-09 -2.300168859771288094e-09 -9.843711181069605745e-10 -4.728716423521603543e-10 3.716254958293386016e-10 1.508241716087292823e-10 -1.542841393491755039e-10 5.243792548306121829e-11 5.462687054367647662e-11 3.493702613427838719e-10 5.199390753710730991e-10 2.414908156124342600e-10 4.164479211726903695e-10 -2.728414613576770795e-10 -6.953878521350268594e-11 -3.519037234864677147e-10 4.002017933388032069e-11 -9.184067925741184764e-11
