#        omega_cdm,                h,     ln10^{10}A_s,            b1_eN,            c2_eN,            b1_eS,            c2_eS,          Omega_m,              A_s,           sigma8
 5.710230e-05	 6.420436e-05	-4.075695e-04	 2.109174e-04	 2.277928e-03	 3.779645e-04	 3.256808e-03	 6.745390e-05	-1.076569e-12	 1.235270e-04	
 6.420436e-05	 1.188145e-03	-2.764828e-03	 1.512142e-03	 2.978565e-04	 1.557673e-03	 1.385022e-03	-8.967719e-04	-7.104365e-12	-5.582586e-04	
-4.075695e-04	-2.764828e-03	 4.966731e-02	-5.926137e-02	-3.840891e-02	-6.119549e-02	-2.268402e-02	 1.564871e-03	 1.264900e-10	 1.862543e-02	
 2.109174e-04	 1.512142e-03	-5.926137e-02	 7.790104e-02	 7.197903e-02	 7.671967e-02	 1.382465e-02	-9.097545e-04	-1.492237e-10	-2.391737e-02	
 2.277928e-03	 2.978565e-04	-3.840891e-02	 7.197903e-02	 7.488041e-01	 4.734136e-02	 1.004258e-01	 4.556268e-03	-1.012269e-10	-5.107474e-03	
 3.779645e-04	 1.557673e-03	-6.119549e-02	 7.671967e-02	 4.734136e-02	 8.984987e-02	 1.236696e-01	-5.820551e-04	-1.539588e-10	-2.390956e-02	
 3.256808e-03	 1.385022e-03	-2.268402e-02	 1.382465e-02	 1.004258e-01	 1.236696e-01	 1.886687e+00	 6.005528e-03	-5.716636e-11	 6.874956e-03	
 6.745390e-05	-8.967719e-04	 1.564871e-03	-9.097545e-04	 4.556268e-03	-5.820551e-04	 6.005528e-03	 9.374189e-04	 3.974912e-12	 7.681796e-04	
-1.076569e-12	-7.104365e-12	 1.264900e-10	-1.492237e-10	-1.012269e-10	-1.539588e-10	-5.716636e-11	 3.974912e-12	 3.303944e-19	 4.771251e-11	
 1.235270e-04	-5.582586e-04	 1.862543e-02	-2.391737e-02	-5.107474e-03	-2.390956e-02	 6.874956e-03	 7.681796e-04	 4.771251e-11	 8.525378e-03	
